20265,MOUSE5,0005E6A0296A,2,0,4,BOTH,04-Feb-2020,11:43:25,04-Feb-2020,11:43:44
20266,MOUSE5,0005E6A0296A,2,0,4,BOTH,04-Feb-2020,11:50:05,04-Feb-2020,11:50:27
20267,MOUSE5,0005E6A0296A,3,0,4,BOTH,04-Feb-2020,11:51:11,04-Feb-2020,11:51:51
20268,MOUSE5,0005E6A0296A,0,0,4,BOTH,05-Feb-2020,14:43:21,05-Feb-2020,14:43:34
20269,MOUSE5,0005E6A0296A,1,0,4,BOTH,05-Feb-2020,14:43:45,05-Feb-2020,14:43:53
20270,MOUSE5,0005E6A0296A,0,0,4,BOTH,05-Feb-2020,14:43:58,05-Feb-2020,14:44:05
20271,MOUSE5,0005E6A0296A,0,0,4,BOTH,05-Feb-2020,14:44:21,05-Feb-2020,14:44:29
20272,MOUSE5,0005E6A0296A,0,0,4,BOTH,05-Feb-2020,14:49:03,05-Feb-2020,14:49:10
20273,MOUSE5,0005E6A0296A,0,0,4,BOTH,05-Feb-2020,15:23:54,05-Feb-2020,15:24:02
20274,MOUSE5,0005E6A0296A,1,0,4,BOTH,05-Feb-2020,15:30:24,05-Feb-2020,15:30:35
20275,MOUSE5,0005E6A0296A,0,0,4,BOTH,05-Feb-2020,15:38:33,05-Feb-2020,15:38:41
20276,MOUSE5,0005E6A0296A,0,0,4,BOTH,05-Feb-2020,15:45:13,05-Feb-2020,15:45:26
20277,MOUSE5,0005E6A0296A,0,0,4,BOTH,05-Feb-2020,15:53:44,05-Feb-2020,15:53:57
20278,MOUSE5,0005E6A0296A,1,0,4,BOTH,05-Feb-2020,16:32:31,05-Feb-2020,16:32:40
20279,MOUSE5,0005E6A0296A,0,0,4,BOTH,05-Feb-2020,16:39:18,05-Feb-2020,16:39:26
20280,MOUSE5,0005E6A0296A,1,0,4,BOTH,05-Feb-2020,16:42:44,05-Feb-2020,16:42:57
20281,MOUSE5,0005E6A0296A,1,0,4,BOTH,05-Feb-2020,17:07:54,05-Feb-2020,17:08:02
20282,MOUSE5,0005E6A0296A,0,0,4,BOTH,05-Feb-2020,17:28:04,05-Feb-2020,17:28:12
20283,MOUSE5,0005E6A0296A,0,0,4,BOTH,05-Feb-2020,18:20:13,05-Feb-2020,18:20:21
20284,MOUSE5,0005E6A0296A,1,0,4,BOTH,05-Feb-2020,18:31:21,05-Feb-2020,18:31:30
20285,MOUSE5,0005E6A0296A,0,0,4,BOTH,05-Feb-2020,19:25:52,05-Feb-2020,19:26:00
20286,MOUSE5,0005E6A0296A,0,0,4,BOTH,05-Feb-2020,19:27:56,05-Feb-2020,19:28:04
20287,MOUSE5,0005E6A0296A,0,0,4,BOTH,05-Feb-2020,19:30:12,05-Feb-2020,19:30:20
20288,MOUSE5,0005E6A0296A,2,0,4,BOTH,05-Feb-2020,19:34:21,05-Feb-2020,19:34:52
20289,MOUSE5,0005E6A0296A,2,0,4,BOTH,05-Feb-2020,19:35:27,05-Feb-2020,19:35:47
20290,MOUSE5,0005E6A0296A,1,0,4,BOTH,05-Feb-2020,19:36:04,05-Feb-2020,19:36:12
20291,MOUSE5,0005E6A0296A,0,0,4,BOTH,05-Feb-2020,20:41:08,05-Feb-2020,20:41:15
20292,MOUSE5,0005E6A0296A,5,0,4,BOTH,05-Feb-2020,20:52:25,05-Feb-2020,20:53:48
20293,MOUSE5,0005E6A0296A,2,0,4,BOTH,05-Feb-2020,20:53:57,05-Feb-2020,20:54:45
20294,MOUSE5,0005E6A0296A,2,0,4,BOTH,05-Feb-2020,20:55:27,05-Feb-2020,20:56:05
20295,MOUSE5,0005E6A0296A,2,0,4,BOTH,05-Feb-2020,20:58:26,05-Feb-2020,20:59:03
20296,MOUSE5,0005E6A0296A,1,0,4,BOTH,05-Feb-2020,21:08:47,05-Feb-2020,21:08:55
20297,MOUSE5,0005E6A0296A,2,0,4,BOTH,05-Feb-2020,21:36:48,05-Feb-2020,21:37:52
20298,MOUSE5,0005E6A0296A,1,0,4,BOTH,05-Feb-2020,21:49:08,05-Feb-2020,21:49:19
20299,MOUSE5,0005E6A0296A,2,0,4,BOTH,05-Feb-2020,21:54:49,05-Feb-2020,21:55:36
20300,MOUSE5,0005E6A0296A,4,0,4,BOTH,05-Feb-2020,21:55:49,05-Feb-2020,21:56:47
20301,MOUSE5,0005E6A0296A,5,0,4,BOTH,05-Feb-2020,22:03:45,05-Feb-2020,22:05:09
20302,MOUSE5,0005E6A0296A,1,0,4,BOTH,05-Feb-2020,23:30:07,05-Feb-2020,23:30:31
20303,MOUSE5,0005E6A0296A,2,0,4,BOTH,05-Feb-2020,23:46:42,05-Feb-2020,23:47:41
20304,MOUSE5,0005E6A0296A,1,0,4,BOTH,05-Feb-2020,23:57:57,05-Feb-2020,23:58:19
20305,MOUSE5,0005E6A0296A,1,0,4,BOTH,06-Feb-2020,00:04:32,06-Feb-2020,00:05:12
20306,MOUSE5,0005E6A0296A,1,0,4,BOTH,06-Feb-2020,00:06:47,06-Feb-2020,00:07:09
20307,MOUSE5,0005E6A0296A,2,0,4,BOTH,06-Feb-2020,00:13:15,06-Feb-2020,00:13:44
20308,MOUSE5,0005E6A0296A,3,0,4,BOTH,06-Feb-2020,00:34:32,06-Feb-2020,00:35:38
20309,MOUSE5,0005E6A0296A,3,0,4,BOTH,06-Feb-2020,01:42:12,06-Feb-2020,01:42:53
20310,MOUSE5,0005E6A0296A,3,0,4,BOTH,06-Feb-2020,01:43:26,06-Feb-2020,01:44:10
20311,MOUSE5,0005E6A0296A,2,0,4,BOTH,06-Feb-2020,01:56:03,06-Feb-2020,01:57:02
20312,MOUSE5,0005E6A0296A,2,0,4,BOTH,06-Feb-2020,02:03:29,06-Feb-2020,02:04:11
20313,MOUSE5,0005E6A0296A,0,0,4,BOTH,06-Feb-2020,02:05:56,06-Feb-2020,02:06:03
20314,MOUSE5,0005E6A0296A,0,0,4,BOTH,06-Feb-2020,02:14:26,06-Feb-2020,02:14:33
20315,MOUSE5,0005E6A0296A,1,0,4,BOTH,06-Feb-2020,02:22:41,06-Feb-2020,02:22:59
20316,MOUSE5,0005E6A0296A,1,0,4,BOTH,06-Feb-2020,03:10:53,06-Feb-2020,03:11:13
20317,MOUSE5,0005E6A0296A,0,0,4,BOTH,06-Feb-2020,04:16:01,06-Feb-2020,04:16:08
20318,MOUSE5,0005E6A0296A,1,0,4,BOTH,06-Feb-2020,04:17:36,06-Feb-2020,04:17:49
20319,MOUSE5,0005E6A0296A,1,0,4,BOTH,06-Feb-2020,04:33:48,06-Feb-2020,04:34:06
20320,MOUSE5,0005E6A0296A,0,0,4,BOTH,06-Feb-2020,04:39:12,06-Feb-2020,04:39:25
20321,MOUSE5,0005E6A0296A,0,0,4,BOTH,06-Feb-2020,04:55:24,06-Feb-2020,04:55:37
20322,MOUSE5,0005E6A0296A,1,0,4,BOTH,06-Feb-2020,05:03:45,06-Feb-2020,05:04:15
20323,MOUSE5,0005E6A0296A,1,0,4,BOTH,06-Feb-2020,05:13:38,06-Feb-2020,05:13:49
20324,MOUSE5,0005E6A0296A,1,0,4,BOTH,06-Feb-2020,05:32:49,06-Feb-2020,05:33:07
20325,MOUSE5,0005E6A0296A,1,0,4,BOTH,06-Feb-2020,05:46:53,06-Feb-2020,05:47:04
20326,MOUSE5,0005E6A0296A,1,0,4,BOTH,06-Feb-2020,05:58:59,06-Feb-2020,05:59:18
20327,MOUSE5,0005E6A0296A,1,0,4,BOTH,06-Feb-2020,06:13:56,06-Feb-2020,06:14:07
20328,MOUSE5,0005E6A0296A,1,0,4,BOTH,06-Feb-2020,06:27:55,06-Feb-2020,06:28:12
20329,MOUSE5,0005E6A0296A,0,0,4,BOTH,06-Feb-2020,06:32:03,06-Feb-2020,06:32:11
20330,MOUSE5,0005E6A0296A,1,0,4,BOTH,06-Feb-2020,06:43:00,06-Feb-2020,06:43:22
20331,MOUSE5,0005E6A0296A,1,0,4,BOTH,06-Feb-2020,06:46:08,06-Feb-2020,06:46:37
20332,MOUSE5,0005E6A0296A,2,0,4,BOTH,06-Feb-2020,06:58:23,06-Feb-2020,06:58:53
20333,MOUSE5,0005E6A0296A,1,0,4,BOTH,06-Feb-2020,07:05:30,06-Feb-2020,07:05:50
20334,MOUSE5,0005E6A0296A,1,0,4,BOTH,06-Feb-2020,07:14:37,06-Feb-2020,07:14:45
20335,MOUSE5,0005E6A0296A,2,0,4,BOTH,06-Feb-2020,07:20:49,06-Feb-2020,07:21:24
20336,MOUSE5,0005E6A0296A,0,0,4,BOTH,06-Feb-2020,07:24:38,06-Feb-2020,07:24:51
20337,MOUSE5,0005E6A0296A,1,0,4,BOTH,06-Feb-2020,07:37:20,06-Feb-2020,07:37:42
20338,MOUSE5,0005E6A0296A,1,0,4,BOTH,06-Feb-2020,09:58:32,06-Feb-2020,09:58:51
20339,MOUSE5,0005E6A0296A,1,0,4,BOTH,06-Feb-2020,10:03:46,06-Feb-2020,10:03:57
20340,MOUSE5,0005E6A0296A,1,0,4,BOTH,06-Feb-2020,10:22:32,06-Feb-2020,10:22:43
20341,MOUSE5,0005E6A0296A,1,3,4,BOTH,06-Feb-2020,12:47:22,06-Feb-2020,12:47:57
20342,MOUSE5,0005E6A0296A,1,3,4,BOTH,06-Feb-2020,12:48:28,06-Feb-2020,12:48:39
20343,MOUSE5,0005E6A0296A,2,3,4,BOTH,06-Feb-2020,17:33:00,06-Feb-2020,17:34:21
20344,MOUSE5,0005E6A0296A,2,3,4,BOTH,06-Feb-2020,17:35:35,06-Feb-2020,17:36:15
20345,MOUSE5,0005E6A0296A,1,3,4,BOTH,06-Feb-2020,18:17:44,06-Feb-2020,18:18:42
20346,MOUSE5,0005E6A0296A,1,3,4,BOTH,06-Feb-2020,18:21:38,06-Feb-2020,18:22:00
20347,MOUSE5,0005E6A0296A,2,3,4,BOTH,06-Feb-2020,19:28:06,06-Feb-2020,19:28:39
20348,MOUSE5,0005E6A0296A,3,3,4,BOTH,06-Feb-2020,19:39:11,06-Feb-2020,19:40:26
20349,MOUSE5,0005E6A0296A,1,3,4,BOTH,06-Feb-2020,19:53:48,06-Feb-2020,19:54:18
20350,MOUSE5,0005E6A0296A,2,3,4,BOTH,06-Feb-2020,19:57:03,06-Feb-2020,19:58:06
20351,MOUSE5,0005E6A0296A,1,3,4,BOTH,06-Feb-2020,20:05:04,06-Feb-2020,20:05:47
20352,MOUSE5,0005E6A0296A,2,3,4,BOTH,06-Feb-2020,20:06:08,06-Feb-2020,20:06:37
20353,MOUSE5,0005E6A0296A,1,3,4,BOTH,06-Feb-2020,20:06:52,06-Feb-2020,20:07:47
20354,MOUSE5,0005E6A0296A,1,3,4,BOTH,06-Feb-2020,20:56:01,06-Feb-2020,20:56:25
20355,MOUSE5,0005E6A0296A,4,3,4,BOTH,06-Feb-2020,21:14:41,06-Feb-2020,21:15:35
20356,MOUSE5,0005E6A0296A,2,3,4,BOTH,06-Feb-2020,21:37:03,06-Feb-2020,21:37:45
20357,MOUSE5,0005E6A0296A,2,3,4,BOTH,06-Feb-2020,21:39:22,06-Feb-2020,21:40:20
20358,MOUSE5,0005E6A0296A,1,3,4,BOTH,06-Feb-2020,21:49:25,06-Feb-2020,21:49:59
20359,MOUSE5,0005E6A0296A,5,3,4,BOTH,06-Feb-2020,23:07:57,06-Feb-2020,23:09:41
20360,MOUSE5,0005E6A0296A,3,3,4,BOTH,06-Feb-2020,23:30:45,06-Feb-2020,23:32:48
20361,MOUSE5,0005E6A0296A,4,3,4,BOTH,07-Feb-2020,00:03:57,07-Feb-2020,00:05:25
20362,MOUSE5,0005E6A0296A,2,3,4,BOTH,07-Feb-2020,00:12:34,07-Feb-2020,00:13:10
20363,MOUSE5,0005E6A0296A,0,3,4,BOTH,07-Feb-2020,00:16:35,07-Feb-2020,00:16:42
20364,MOUSE5,0005E6A0296A,4,3,4,BOTH,07-Feb-2020,00:21:48,07-Feb-2020,00:22:48
20365,MOUSE5,0005E6A0296A,5,3,4,BOTH,07-Feb-2020,00:30:13,07-Feb-2020,00:31:44
20366,MOUSE5,0005E6A0296A,2,3,4,BOTH,07-Feb-2020,00:35:28,07-Feb-2020,00:36:03
20367,MOUSE5,0005E6A0296A,2,3,4,BOTH,07-Feb-2020,00:43:37,07-Feb-2020,00:44:39
20368,MOUSE5,0005E6A0296A,1,3,4,BOTH,07-Feb-2020,00:48:51,07-Feb-2020,00:49:39
20369,MOUSE5,0005E6A0296A,3,3,4,BOTH,07-Feb-2020,00:50:50,07-Feb-2020,00:52:07
20370,MOUSE5,0005E6A0296A,2,3,4,BOTH,07-Feb-2020,00:54:10,07-Feb-2020,00:54:31
20371,MOUSE5,0005E6A0296A,1,3,4,BOTH,07-Feb-2020,00:56:26,07-Feb-2020,00:56:43
20372,MOUSE5,0005E6A0296A,1,3,4,BOTH,07-Feb-2020,00:59:44,07-Feb-2020,01:00:36
20373,MOUSE5,0005E6A0296A,3,3,4,BOTH,07-Feb-2020,01:06:08,07-Feb-2020,01:07:13
20374,MOUSE5,0005E6A0296A,2,3,4,BOTH,07-Feb-2020,01:12:04,07-Feb-2020,01:12:54
20375,MOUSE5,0005E6A0296A,1,3,4,BOTH,07-Feb-2020,01:14:25,07-Feb-2020,01:14:46
20376,MOUSE5,0005E6A0296A,1,3,4,BOTH,07-Feb-2020,01:16:17,07-Feb-2020,01:16:43
20377,MOUSE5,0005E6A0296A,2,3,4,BOTH,07-Feb-2020,01:23:13,07-Feb-2020,01:24:12
20378,MOUSE5,0005E6A0296A,1,3,4,BOTH,07-Feb-2020,01:24:24,07-Feb-2020,01:24:54
20379,MOUSE5,0005E6A0296A,2,3,4,BOTH,07-Feb-2020,01:27:43,07-Feb-2020,01:28:19
20380,MOUSE5,0005E6A0296A,4,3,4,BOTH,07-Feb-2020,01:36:41,07-Feb-2020,01:37:49
20381,MOUSE5,0005E6A0296A,4,3,4,BOTH,07-Feb-2020,01:42:46,07-Feb-2020,01:43:32
20382,MOUSE5,0005E6A0296A,1,3,4,BOTH,07-Feb-2020,01:45:15,07-Feb-2020,01:45:42
20383,MOUSE5,0005E6A0296A,1,3,4,BOTH,07-Feb-2020,01:45:59,07-Feb-2020,01:46:31
20384,MOUSE5,0005E6A0296A,1,3,4,BOTH,07-Feb-2020,01:48:53,07-Feb-2020,01:49:14
20385,MOUSE5,0005E6A0296A,1,3,4,BOTH,07-Feb-2020,01:52:31,07-Feb-2020,01:52:39
20386,MOUSE5,0005E6A0296A,2,3,4,BOTH,07-Feb-2020,01:59:06,07-Feb-2020,01:59:44
20387,MOUSE5,0005E6A0296A,1,3,4,BOTH,07-Feb-2020,02:01:29,07-Feb-2020,02:01:41
20388,MOUSE5,0005E6A0296A,1,3,4,BOTH,07-Feb-2020,05:56:54,07-Feb-2020,05:57:14
20389,MOUSE5,0005E6A0296A,0,3,4,BOTH,07-Feb-2020,05:57:23,07-Feb-2020,05:57:31
20390,MOUSE5,0005E6A0296A,1,3,4,BOTH,07-Feb-2020,05:57:33,07-Feb-2020,05:58:07
20391,MOUSE5,0005E6A0296A,1,3,4,BOTH,07-Feb-2020,06:02:47,07-Feb-2020,06:02:58
20392,MOUSE5,0005E6A0296A,1,3,4,BOTH,07-Feb-2020,06:07:54,07-Feb-2020,06:08:53
20393,MOUSE5,0005E6A0296A,0,3,4,BOTH,07-Feb-2020,06:10:56,07-Feb-2020,06:11:03
20394,MOUSE5,0005E6A0296A,3,3,4,BOTH,07-Feb-2020,06:27:09,07-Feb-2020,06:27:45
20395,MOUSE5,0005E6A0296A,1,3,4,BOTH,07-Feb-2020,06:29:56,07-Feb-2020,06:30:40
20396,MOUSE5,0005E6A0296A,2,3,4,BOTH,07-Feb-2020,06:34:01,07-Feb-2020,06:34:19
20397,MOUSE5,0005E6A0296A,1,3,4,BOTH,07-Feb-2020,06:37:16,07-Feb-2020,06:37:25
20398,MOUSE5,0005E6A0296A,0,3,4,BOTH,07-Feb-2020,06:42:38,07-Feb-2020,06:42:46
20399,MOUSE5,0005E6A0296A,1,3,4,BOTH,07-Feb-2020,06:49:17,07-Feb-2020,06:49:34
20400,MOUSE5,0005E6A0296A,1,3,4,BOTH,07-Feb-2020,06:51:46,07-Feb-2020,06:54:12
20401,MOUSE5,0005E6A0296A,1,3,4,BOTH,07-Feb-2020,06:54:55,07-Feb-2020,06:55:42
20402,MOUSE5,0005E6A0296A,1,3,4,BOTH,07-Feb-2020,06:57:18,07-Feb-2020,06:57:51
20403,MOUSE5,0005E6A0296A,1,3,4,BOTH,07-Feb-2020,06:58:56,07-Feb-2020,06:59:03
20404,MOUSE5,0005E6A0296A,1,3,4,BOTH,07-Feb-2020,07:00:03,07-Feb-2020,07:00:37
20405,MOUSE5,0005E6A0296A,1,3,4,BOTH,07-Feb-2020,07:10:02,07-Feb-2020,07:10:17
20406,MOUSE5,0005E6A0296A,1,3,4,BOTH,07-Feb-2020,07:12:20,07-Feb-2020,07:12:37
20407,MOUSE5,0005E6A0296A,1,3,4,BOTH,07-Feb-2020,07:23:03,07-Feb-2020,07:23:20
20408,MOUSE5,0005E6A0296A,1,3,4,BOTH,07-Feb-2020,07:24:02,07-Feb-2020,07:24:21
20409,MOUSE5,0005E6A0296A,1,3,4,BOTH,07-Feb-2020,07:34:06,07-Feb-2020,07:34:30
20410,MOUSE5,0005E6A0296A,1,3,4,BOTH,07-Feb-2020,07:39:54,07-Feb-2020,07:40:20
20411,MOUSE5,0005E6A0296A,1,3,4,BOTH,07-Feb-2020,07:40:48,07-Feb-2020,07:41:23
20412,MOUSE5,0005E6A0296A,1,3,4,BOTH,07-Feb-2020,07:51:52,07-Feb-2020,07:52:00
20413,MOUSE5,0005E6A0296A,1,3,4,BOTH,07-Feb-2020,07:56:34,07-Feb-2020,07:56:44
20414,MOUSE5,0005E6A0296A,0,3,4,BOTH,07-Feb-2020,08:00:41,07-Feb-2020,08:00:49
20415,MOUSE5,0005E6A0296A,1,3,4,BOTH,07-Feb-2020,08:13:57,07-Feb-2020,08:14:16
20416,MOUSE5,0005E6A0296A,1,3,4,BOTH,07-Feb-2020,10:45:28,07-Feb-2020,10:45:56
20417,MOUSE5,0005E6A0296A,1,3,4,BOTH,07-Feb-2020,10:49:30,07-Feb-2020,10:49:49
20418,MOUSE5,0005E6A0296A,1,3,4,BOTH,07-Feb-2020,10:55:42,07-Feb-2020,10:56:00
20419,MOUSE5,0005E6A0296A,1,3,4,BOTH,07-Feb-2020,10:58:32,07-Feb-2020,10:59:18
20420,MOUSE5,0005E6A0296A,1,3,4,BOTH,07-Feb-2020,11:00:31,07-Feb-2020,11:00:47
20421,MOUSE5,0005E6A0296A,1,3,4,BOTH,07-Feb-2020,11:00:50,07-Feb-2020,11:00:59
20422,MOUSE5,0005E6A0296A,0,3,4,BOTH,07-Feb-2020,12:34:52,07-Feb-2020,12:35:00
20423,MOUSE5,0005E6A0296A,0,3,4,BOTH,07-Feb-2020,12:50:02,07-Feb-2020,12:50:09
20424,MOUSE5,0005E6A0296A,1,3,4,BOTH,07-Feb-2020,14:40:22,07-Feb-2020,14:40:42
20425,MOUSE5,0005E6A0296A,1,3,4,BOTH,07-Feb-2020,16:20:27,07-Feb-2020,16:20:44
20426,MOUSE5,0005E6A0296A,4,3,4,BOTH,07-Feb-2020,19:40:59,07-Feb-2020,19:42:18
20427,MOUSE5,0005E6A0296A,1,3,4,BOTH,07-Feb-2020,19:50:06,07-Feb-2020,19:50:58
20428,MOUSE5,0005E6A0296A,2,3,4,BOTH,07-Feb-2020,19:52:40,07-Feb-2020,19:53:27
20429,MOUSE5,0005E6A0296A,1,3,4,BOTH,07-Feb-2020,20:00:50,07-Feb-2020,20:01:18
20430,MOUSE5,0005E6A0296A,2,3,4,BOTH,07-Feb-2020,20:01:32,07-Feb-2020,20:02:07
20431,MOUSE5,0005E6A0296A,1,3,4,BOTH,07-Feb-2020,20:02:54,07-Feb-2020,20:03:13
20432,MOUSE5,0005E6A0296A,1,3,4,BOTH,07-Feb-2020,20:14:30,07-Feb-2020,20:15:23
20433,MOUSE5,0005E6A0296A,7,3,4,BOTH,07-Feb-2020,20:19:29,07-Feb-2020,20:21:28
20434,MOUSE5,0005E6A0296A,1,3,4,BOTH,07-Feb-2020,20:22:20,07-Feb-2020,20:23:06
20435,MOUSE5,0005E6A0296A,4,3,4,BOTH,07-Feb-2020,20:40:24,07-Feb-2020,20:41:26
20436,MOUSE5,0005E6A0296A,13,3,4,BOTH,07-Feb-2020,20:57:59,07-Feb-2020,21:01:08
20437,MOUSE5,0005E6A0296A,1,3,4,BOTH,07-Feb-2020,21:06:35,07-Feb-2020,21:06:50
20438,MOUSE5,0005E6A0296A,0,3,4,BOTH,07-Feb-2020,21:06:53,07-Feb-2020,21:07:12
20439,MOUSE5,0005E6A0296A,6,3,4,BOTH,07-Feb-2020,21:13:09,07-Feb-2020,21:14:20
20440,MOUSE5,0005E6A0296A,0,3,4,BOTH,07-Feb-2020,21:24:40,07-Feb-2020,21:24:47
20441,MOUSE5,0005E6A0296A,1,3,4,BOTH,07-Feb-2020,21:28:18,07-Feb-2020,21:28:41
20442,MOUSE5,0005E6A0296A,9,3,4,BOTH,07-Feb-2020,21:33:05,07-Feb-2020,21:34:39
20443,MOUSE5,0005E6A0296A,4,3,4,BOTH,07-Feb-2020,21:37:31,07-Feb-2020,21:38:16
20444,MOUSE5,0005E6A0296A,2,3,4,BOTH,07-Feb-2020,21:57:46,07-Feb-2020,21:58:13
20445,MOUSE5,0005E6A0296A,3,3,4,BOTH,07-Feb-2020,22:03:42,07-Feb-2020,22:04:21
20446,MOUSE5,0005E6A0296A,1,3,4,BOTH,07-Feb-2020,22:48:40,07-Feb-2020,22:48:56
20447,MOUSE5,0005E6A0296A,16,3,4,BOTH,07-Feb-2020,23:10:18,07-Feb-2020,23:14:12
20448,MOUSE5,0005E6A0296A,32,3,4,BOTH,08-Feb-2020,00:53:58,08-Feb-2020,01:00:18
20449,MOUSE5,0005E6A0296A,5,3,4,BOTH,08-Feb-2020,01:01:05,08-Feb-2020,01:02:01
20450,MOUSE5,0005E6A0296A,0,3,4,BOTH,08-Feb-2020,02:32:07,08-Feb-2020,02:32:14
20451,MOUSE5,0005E6A0296A,5,3,4,BOTH,08-Feb-2020,03:21:58,08-Feb-2020,03:23:14
20452,MOUSE5,0005E6A0296A,11,3,4,BOTH,08-Feb-2020,04:30:17,08-Feb-2020,04:32:52
20453,MOUSE5,0005E6A0296A,21,3,4,BOTH,08-Feb-2020,04:38:12,08-Feb-2020,04:42:45
20454,MOUSE5,0005E6A0296A,15,3,4,BOTH,08-Feb-2020,04:52:20,08-Feb-2020,04:55:42
20455,MOUSE5,0005E6A0296A,1,3,4,BOTH,08-Feb-2020,05:01:11,08-Feb-2020,05:01:26
20456,MOUSE5,0005E6A0296A,1,3,4,BOTH,08-Feb-2020,05:01:30,08-Feb-2020,05:01:49
20457,MOUSE5,0005E6A0296A,9,3,4,BOTH,08-Feb-2020,05:05:23,08-Feb-2020,05:07:29
20458,MOUSE5,0005E6A0296A,11,3,4,BOTH,08-Feb-2020,05:11:38,08-Feb-2020,05:13:52
20459,MOUSE5,0005E6A0296A,0,3,4,BOTH,08-Feb-2020,05:24:50,08-Feb-2020,05:24:57
20460,MOUSE5,0005E6A0296A,8,3,4,BOTH,08-Feb-2020,05:25:04,08-Feb-2020,05:26:57
20461,MOUSE5,0005E6A0296A,0,3,4,BOTH,08-Feb-2020,05:37:15,08-Feb-2020,05:37:23
20462,MOUSE5,0005E6A0296A,11,3,4,BOTH,08-Feb-2020,05:38:22,08-Feb-2020,05:40:54
20463,MOUSE5,0005E6A0296A,0,3,4,BOTH,08-Feb-2020,05:45:35,08-Feb-2020,05:45:43
20464,MOUSE5,0005E6A0296A,17,3,4,BOTH,08-Feb-2020,05:53:11,08-Feb-2020,05:57:06
20465,MOUSE5,0005E6A0296A,4,3,4,BOTH,08-Feb-2020,05:58:28,08-Feb-2020,05:59:31
20466,MOUSE5,0005E6A0296A,10,3,4,BOTH,08-Feb-2020,06:10:44,08-Feb-2020,06:13:01
20467,MOUSE5,0005E6A0296A,0,3,4,BOTH,08-Feb-2020,06:17:42,08-Feb-2020,06:17:50
20468,MOUSE5,0005E6A0296A,0,3,4,BOTH,08-Feb-2020,06:18:55,08-Feb-2020,06:19:03
20469,MOUSE5,0005E6A0296A,7,3,4,BOTH,08-Feb-2020,06:23:24,08-Feb-2020,06:26:20
20470,MOUSE5,0005E6A0296A,11,3,4,BOTH,08-Feb-2020,06:27:16,08-Feb-2020,06:29:28
20471,MOUSE5,0005E6A0296A,1,3,4,BOTH,08-Feb-2020,06:30:46,08-Feb-2020,06:31:08
20472,MOUSE5,0005E6A0296A,5,3,4,BOTH,08-Feb-2020,06:34:00,08-Feb-2020,06:35:03
20473,MOUSE5,0005E6A0296A,1,3,4,BOTH,08-Feb-2020,06:39:47,08-Feb-2020,06:40:00
20474,MOUSE5,0005E6A0296A,2,3,4,BOTH,08-Feb-2020,06:42:37,08-Feb-2020,06:42:55
20475,MOUSE5,0005E6A0296A,2,3,4,BOTH,08-Feb-2020,06:48:44,08-Feb-2020,06:49:12
20476,MOUSE5,0005E6A0296A,2,3,4,BOTH,08-Feb-2020,06:57:14,08-Feb-2020,06:58:09
20477,MOUSE5,0005E6A0296A,0,3,4,BOTH,08-Feb-2020,07:07:20,08-Feb-2020,07:07:27
20478,MOUSE5,0005E6A0296A,5,3,4,BOTH,08-Feb-2020,07:11:36,08-Feb-2020,07:12:31
20479,MOUSE5,0005E6A0296A,1,3,4,BOTH,08-Feb-2020,07:14:51,08-Feb-2020,07:15:05
20480,MOUSE5,0005E6A0296A,1,3,4,BOTH,08-Feb-2020,07:21:01,08-Feb-2020,07:21:10
20481,MOUSE5,0005E6A0296A,1,3,4,BOTH,08-Feb-2020,07:29:23,08-Feb-2020,07:29:31
20482,MOUSE5,0005E6A0296A,0,3,4,BOTH,08-Feb-2020,08:09:19,08-Feb-2020,08:09:32
20483,MOUSE5,0005E6A0296A,1,3,4,BOTH,08-Feb-2020,09:55:10,08-Feb-2020,09:55:27
20484,MOUSE5,0005E6A0296A,7,3,4,BOTH,08-Feb-2020,10:05:42,08-Feb-2020,10:07:07
20485,MOUSE5,0005E6A0296A,0,6,4,BOTH,08-Feb-2020,14:12:13,08-Feb-2020,14:12:21
20486,MOUSE5,0005E6A0296A,4,6,4,BOTH,08-Feb-2020,14:23:36,08-Feb-2020,14:24:36
20487,MOUSE5,0005E6A0296A,1,6,4,BOTH,08-Feb-2020,14:26:07,08-Feb-2020,14:26:34
20488,MOUSE5,0005E6A0296A,8,6,4,BOTH,08-Feb-2020,18:03:57,08-Feb-2020,18:05:34
20489,MOUSE5,0005E6A0296A,10,6,4,BOTH,08-Feb-2020,18:05:58,08-Feb-2020,18:09:10
20490,MOUSE5,0005E6A0296A,15,6,4,BOTH,08-Feb-2020,19:34:14,08-Feb-2020,19:37:06
20491,MOUSE5,0005E6A0296A,15,6,4,BOTH,08-Feb-2020,19:45:57,08-Feb-2020,19:49:06
20492,MOUSE5,0005E6A0296A,7,6,4,BOTH,08-Feb-2020,19:52:51,08-Feb-2020,19:54:26
20493,MOUSE5,0005E6A0296A,8,6,4,BOTH,08-Feb-2020,19:56:51,08-Feb-2020,19:58:48
20494,MOUSE5,0005E6A0296A,0,6,4,BOTH,08-Feb-2020,20:02:21,08-Feb-2020,20:02:29
20495,MOUSE5,0005E6A0296A,12,6,4,BOTH,08-Feb-2020,20:05:33,08-Feb-2020,20:08:10
20496,MOUSE5,0005E6A0296A,24,6,4,BOTH,08-Feb-2020,20:10:31,08-Feb-2020,20:15:25
20497,MOUSE5,0005E6A0296A,11,6,4,BOTH,08-Feb-2020,20:18:05,08-Feb-2020,20:20:43
20498,MOUSE5,0005E6A0296A,9,6,4,BOTH,08-Feb-2020,21:31:59,08-Feb-2020,21:33:54
20499,MOUSE5,0005E6A0296A,9,6,4,BOTH,08-Feb-2020,21:36:56,08-Feb-2020,21:38:33
20500,MOUSE5,0005E6A0296A,2,6,4,BOTH,08-Feb-2020,21:46:56,08-Feb-2020,21:47:27
20501,MOUSE5,0005E6A0296A,37,6,4,BOTH,08-Feb-2020,21:49:44,08-Feb-2020,21:57:07
20502,MOUSE5,0005E6A0296A,6,6,4,BOTH,08-Feb-2020,22:31:05,08-Feb-2020,22:32:21
20503,MOUSE5,0005E6A0296A,6,6,4,BOTH,08-Feb-2020,22:33:08,08-Feb-2020,22:34:13
20504,MOUSE5,0005E6A0296A,0,6,4,BOTH,08-Feb-2020,22:47:22,08-Feb-2020,22:47:29
20505,MOUSE5,0005E6A0296A,3,6,4,BOTH,08-Feb-2020,22:50:45,08-Feb-2020,22:51:34
20506,MOUSE5,0005E6A0296A,0,6,4,BOTH,08-Feb-2020,22:53:04,08-Feb-2020,22:53:11
20507,MOUSE5,0005E6A0296A,24,6,4,BOTH,08-Feb-2020,22:55:57,08-Feb-2020,23:01:02
20508,MOUSE5,0005E6A0296A,29,6,4,BOTH,08-Feb-2020,23:04:04,08-Feb-2020,23:09:30
20509,MOUSE5,0005E6A0296A,5,6,4,BOTH,08-Feb-2020,23:18:16,08-Feb-2020,23:19:25
20510,MOUSE5,0005E6A0296A,7,6,4,BOTH,08-Feb-2020,23:22:11,08-Feb-2020,23:23:24
20511,MOUSE5,0005E6A0296A,13,6,4,BOTH,08-Feb-2020,23:35:22,08-Feb-2020,23:38:09
20512,MOUSE5,0005E6A0296A,7,6,4,BOTH,08-Feb-2020,23:49:45,08-Feb-2020,23:51:03
20513,MOUSE5,0005E6A0296A,8,6,4,BOTH,09-Feb-2020,00:01:07,09-Feb-2020,00:03:12
20514,MOUSE5,0005E6A0296A,8,6,4,BOTH,09-Feb-2020,00:21:26,09-Feb-2020,00:23:33
20515,MOUSE5,0005E6A0296A,0,6,4,BOTH,09-Feb-2020,00:29:48,09-Feb-2020,00:29:56
20516,MOUSE5,0005E6A0296A,11,6,4,BOTH,09-Feb-2020,00:30:04,09-Feb-2020,00:32:08
20517,MOUSE5,0005E6A0296A,25,6,4,BOTH,09-Feb-2020,00:41:26,09-Feb-2020,00:46:53
20518,MOUSE5,0005E6A0296A,18,6,4,BOTH,09-Feb-2020,00:53:21,09-Feb-2020,00:58:08
20519,MOUSE5,0005E6A0296A,10,6,4,BOTH,09-Feb-2020,01:07:24,09-Feb-2020,01:09:23
20520,MOUSE5,0005E6A0296A,9,6,4,BOTH,09-Feb-2020,01:11:17,09-Feb-2020,01:13:20
20521,MOUSE5,0005E6A0296A,5,6,4,BOTH,09-Feb-2020,01:19:41,09-Feb-2020,01:21:13
20522,MOUSE5,0005E6A0296A,3,6,4,BOTH,09-Feb-2020,01:22:16,09-Feb-2020,01:22:52
20523,MOUSE5,0005E6A0296A,1,6,4,BOTH,09-Feb-2020,01:40:40,09-Feb-2020,01:40:50
20524,MOUSE5,0005E6A0296A,1,6,4,BOTH,09-Feb-2020,01:40:53,09-Feb-2020,01:41:14
20525,MOUSE5,0005E6A0296A,0,6,4,BOTH,09-Feb-2020,03:40:48,09-Feb-2020,03:40:56
20526,MOUSE5,0005E6A0296A,25,6,4,BOTH,09-Feb-2020,05:15:10,09-Feb-2020,05:22:03
20527,MOUSE5,0005E6A0296A,0,6,4,BOTH,09-Feb-2020,05:45:43,09-Feb-2020,05:45:51
20528,MOUSE5,0005E6A0296A,1,6,4,BOTH,09-Feb-2020,05:46:17,09-Feb-2020,05:46:33
20529,MOUSE5,0005E6A0296A,1,6,4,BOTH,09-Feb-2020,05:46:47,09-Feb-2020,05:47:02
20530,MOUSE5,0005E6A0296A,9,6,4,BOTH,09-Feb-2020,05:48:43,09-Feb-2020,05:51:23
20531,MOUSE5,0005E6A0296A,10,6,4,BOTH,09-Feb-2020,05:58:23,09-Feb-2020,06:01:56
20532,MOUSE5,0005E6A0296A,5,6,4,BOTH,09-Feb-2020,06:12:01,09-Feb-2020,06:13:28
20533,MOUSE5,0005E6A0296A,1,6,4,BOTH,09-Feb-2020,06:24:13,09-Feb-2020,06:24:20
20534,MOUSE5,0005E6A0296A,22,6,4,BOTH,09-Feb-2020,06:38:58,09-Feb-2020,06:44:52
20535,MOUSE5,0005E6A0296A,15,6,4,BOTH,09-Feb-2020,06:54:23,09-Feb-2020,06:58:58
20536,MOUSE5,0005E6A0296A,12,6,4,BOTH,09-Feb-2020,07:04:19,09-Feb-2020,07:07:12
20537,MOUSE5,0005E6A0296A,1,6,4,BOTH,09-Feb-2020,07:17:25,09-Feb-2020,07:17:33
20538,MOUSE5,0005E6A0296A,1,9,4,BOTH,09-Feb-2020,10:18:18,09-Feb-2020,10:18:42
20539,MOUSE5,0005E6A0296A,0,9,4,BOTH,09-Feb-2020,10:21:33,09-Feb-2020,10:21:41
20540,MOUSE5,0005E6A0296A,1,9,4,BOTH,09-Feb-2020,10:49:10,09-Feb-2020,10:49:30
20541,MOUSE5,0005E6A0296A,0,9,4,BOTH,09-Feb-2020,10:52:33,09-Feb-2020,10:52:40
20542,MOUSE5,0005E6A0296A,0,9,4,BOTH,09-Feb-2020,11:39:52,09-Feb-2020,11:40:00
20543,MOUSE5,0005E6A0296A,0,9,4,BOTH,09-Feb-2020,11:41:45,09-Feb-2020,11:41:53
20544,MOUSE5,0005E6A0296A,0,9,4,BOTH,09-Feb-2020,11:42:05,09-Feb-2020,11:42:12
20545,MOUSE5,0005E6A0296A,0,9,4,BOTH,09-Feb-2020,13:12:51,09-Feb-2020,13:12:59
20546,MOUSE5,0005E6A0296A,0,9,4,BOTH,09-Feb-2020,15:15:39,09-Feb-2020,15:15:47
20547,MOUSE5,0005E6A0296A,0,9,4,BOTH,09-Feb-2020,15:35:36,09-Feb-2020,15:35:44
20548,MOUSE5,0005E6A0296A,1,9,4,BOTH,09-Feb-2020,18:59:21,09-Feb-2020,19:00:02
20549,MOUSE5,0005E6A0296A,0,9,4,BOTH,09-Feb-2020,19:03:50,09-Feb-2020,19:03:58
20550,MOUSE5,0005E6A0296A,1,9,4,BOTH,09-Feb-2020,19:04:28,09-Feb-2020,19:04:45
20551,MOUSE5,0005E6A0296A,0,9,4,BOTH,09-Feb-2020,19:05:39,09-Feb-2020,19:05:46
20552,MOUSE5,0005E6A0296A,1,9,4,BOTH,09-Feb-2020,19:15:40,09-Feb-2020,19:16:03
20553,MOUSE5,0005E6A0296A,0,9,4,BOTH,09-Feb-2020,19:17:03,09-Feb-2020,19:17:11
20554,MOUSE5,0005E6A0296A,1,9,4,BOTH,09-Feb-2020,19:19:28,09-Feb-2020,19:19:36
20555,MOUSE5,0005E6A0296A,1,9,4,BOTH,09-Feb-2020,19:24:41,09-Feb-2020,19:24:52
20556,MOUSE5,0005E6A0296A,2,9,4,BOTH,09-Feb-2020,19:25:16,09-Feb-2020,19:26:02
20557,MOUSE5,0005E6A0296A,1,9,4,BOTH,09-Feb-2020,19:38:20,09-Feb-2020,19:38:46
20558,MOUSE5,0005E6A0296A,1,9,4,BOTH,09-Feb-2020,19:40:17,09-Feb-2020,19:40:37
20559,MOUSE5,0005E6A0296A,1,9,4,BOTH,09-Feb-2020,19:46:10,09-Feb-2020,19:46:29
20560,MOUSE5,0005E6A0296A,1,9,4,BOTH,09-Feb-2020,19:49:17,09-Feb-2020,19:49:38
20561,MOUSE5,0005E6A0296A,1,9,4,BOTH,09-Feb-2020,19:50:29,09-Feb-2020,19:52:02
20562,MOUSE5,0005E6A0296A,1,9,4,BOTH,09-Feb-2020,20:02:28,09-Feb-2020,20:02:46
20563,MOUSE5,0005E6A0296A,1,9,4,BOTH,09-Feb-2020,20:39:42,09-Feb-2020,20:39:52
20564,MOUSE5,0005E6A0296A,0,9,4,BOTH,09-Feb-2020,20:59:55,09-Feb-2020,21:00:02
20565,MOUSE5,0005E6A0296A,1,9,4,BOTH,09-Feb-2020,21:01:53,09-Feb-2020,21:02:19
20566,MOUSE5,0005E6A0296A,0,9,4,BOTH,09-Feb-2020,21:13:04,09-Feb-2020,21:13:11
20567,MOUSE5,0005E6A0296A,1,9,4,BOTH,09-Feb-2020,21:15:59,09-Feb-2020,21:17:26
20568,MOUSE5,0005E6A0296A,1,9,4,BOTH,09-Feb-2020,21:20:54,09-Feb-2020,21:22:36
20569,MOUSE5,0005E6A0296A,0,9,4,BOTH,09-Feb-2020,21:25:29,09-Feb-2020,21:25:36
20570,MOUSE5,0005E6A0296A,1,9,4,BOTH,09-Feb-2020,21:29:20,09-Feb-2020,21:30:17
20571,MOUSE5,0005E6A0296A,2,9,4,BOTH,09-Feb-2020,21:45:12,09-Feb-2020,21:45:42
20572,MOUSE5,0005E6A0296A,5,9,4,BOTH,09-Feb-2020,22:01:48,09-Feb-2020,22:03:05
20573,MOUSE5,0005E6A0296A,2,9,4,BOTH,09-Feb-2020,22:04:11,09-Feb-2020,22:04:39
20574,MOUSE5,0005E6A0296A,1,9,4,BOTH,09-Feb-2020,22:16:25,09-Feb-2020,22:16:51
20575,MOUSE5,0005E6A0296A,1,9,4,BOTH,09-Feb-2020,22:35:45,09-Feb-2020,22:41:33
20576,MOUSE5,0005E6A0296A,1,9,4,BOTH,09-Feb-2020,22:44:08,09-Feb-2020,22:45:21
20577,MOUSE5,0005E6A0296A,1,9,4,BOTH,10-Feb-2020,00:14:06,10-Feb-2020,00:14:25
20578,MOUSE5,0005E6A0296A,1,9,4,BOTH,10-Feb-2020,00:56:08,10-Feb-2020,00:56:26
20579,MOUSE5,0005E6A0296A,1,9,4,BOTH,10-Feb-2020,01:17:13,10-Feb-2020,01:17:38
20580,MOUSE5,0005E6A0296A,1,9,4,BOTH,10-Feb-2020,01:27:11,10-Feb-2020,01:28:45
20581,MOUSE5,0005E6A0296A,1,9,4,BOTH,10-Feb-2020,01:42:33,10-Feb-2020,01:43:44
20582,MOUSE5,0005E6A0296A,2,9,4,BOTH,10-Feb-2020,01:58:37,10-Feb-2020,01:59:14
20583,MOUSE5,0005E6A0296A,2,9,4,BOTH,10-Feb-2020,02:00:15,10-Feb-2020,02:02:51
20584,MOUSE5,0005E6A0296A,1,9,4,BOTH,10-Feb-2020,02:12:04,10-Feb-2020,02:14:21
20585,MOUSE5,0005E6A0296A,2,9,4,BOTH,10-Feb-2020,02:21:18,10-Feb-2020,02:21:38
20586,MOUSE5,0005E6A0296A,0,9,4,BOTH,10-Feb-2020,02:27:51,10-Feb-2020,02:27:59
20587,MOUSE5,0005E6A0296A,0,9,4,BOTH,10-Feb-2020,02:34:12,10-Feb-2020,02:34:20
20588,MOUSE5,0005E6A0296A,1,9,4,BOTH,10-Feb-2020,02:48:29,10-Feb-2020,02:48:52
20589,MOUSE5,0005E6A0296A,2,9,4,BOTH,10-Feb-2020,02:49:10,10-Feb-2020,02:50:14
20590,MOUSE5,0005E6A0296A,0,9,4,BOTH,10-Feb-2020,02:53:20,10-Feb-2020,02:53:28
20591,MOUSE5,0005E6A0296A,0,9,4,BOTH,10-Feb-2020,02:58:31,10-Feb-2020,02:58:38
20592,MOUSE5,0005E6A0296A,1,9,4,BOTH,10-Feb-2020,03:03:28,10-Feb-2020,03:04:31
20593,MOUSE5,0005E6A0296A,0,9,4,BOTH,10-Feb-2020,05:43:11,10-Feb-2020,05:43:19
20594,MOUSE5,0005E6A0296A,0,9,4,BOTH,10-Feb-2020,06:27:35,10-Feb-2020,06:27:43
20595,MOUSE5,0005E6A0296A,0,9,4,BOTH,10-Feb-2020,06:48:31,10-Feb-2020,06:48:38
20596,MOUSE5,0005E6A0296A,0,9,4,BOTH,10-Feb-2020,06:51:03,10-Feb-2020,06:51:11
20597,MOUSE5,0005E6A0296A,1,9,4,BOTH,10-Feb-2020,06:51:31,10-Feb-2020,06:52:19
20598,MOUSE5,0005E6A0296A,1,9,4,BOTH,10-Feb-2020,06:58:30,10-Feb-2020,06:59:17
20599,MOUSE5,0005E6A0296A,0,9,4,BOTH,10-Feb-2020,07:02:42,10-Feb-2020,07:02:50
20600,MOUSE5,0005E6A0296A,0,9,4,BOTH,10-Feb-2020,10:02:40,10-Feb-2020,10:02:48
20601,MOUSE5,0005E6A0296A,1,9,4,BOTH,10-Feb-2020,10:11:04,10-Feb-2020,10:12:16
20602,MOUSE5,0005E6A0296A,0,9,4,BOTH,10-Feb-2020,10:13:04,10-Feb-2020,10:13:24
20603,MOUSE5,0005E6A0296A,0,9,4,BOTH,10-Feb-2020,12:39:57,10-Feb-2020,12:40:05
20604,MOUSE5,0005E6A0296A,0,9,4,BOTH,10-Feb-2020,12:43:40,10-Feb-2020,12:43:48
20605,MOUSE5,0005E6A0296A,0,9,4,BOTH,10-Feb-2020,12:54:59,10-Feb-2020,12:55:07
20606,MOUSE5,0005E6A0296A,1,9,4,BOTH,10-Feb-2020,16:24:34,10-Feb-2020,16:24:59
20607,MOUSE5,0005E6A0296A,1,9,4,BOTH,10-Feb-2020,19:21:19,10-Feb-2020,19:21:26
20608,MOUSE5,0005E6A0296A,1,9,4,BOTH,10-Feb-2020,19:26:18,10-Feb-2020,19:26:56
20609,MOUSE5,0005E6A0296A,1,9,4,BOTH,10-Feb-2020,19:27:43,10-Feb-2020,19:28:00
20610,MOUSE5,0005E6A0296A,2,9,4,BOTH,10-Feb-2020,20:10:48,10-Feb-2020,20:12:10
20611,MOUSE5,0005E6A0296A,1,9,4,BOTH,10-Feb-2020,20:20:18,10-Feb-2020,20:20:41
20612,MOUSE5,0005E6A0296A,1,9,4,BOTH,10-Feb-2020,20:29:55,10-Feb-2020,20:30:15
20613,MOUSE5,0005E6A0296A,1,9,4,BOTH,10-Feb-2020,20:40:13,10-Feb-2020,20:40:32
20614,MOUSE5,0005E6A0296A,1,9,4,BOTH,10-Feb-2020,20:43:11,10-Feb-2020,20:44:12
20615,MOUSE5,0005E6A0296A,2,9,4,BOTH,10-Feb-2020,21:13:35,10-Feb-2020,21:14:30
20616,MOUSE5,0005E6A0296A,1,9,4,BOTH,10-Feb-2020,21:23:40,10-Feb-2020,21:23:48
20617,MOUSE5,0005E6A0296A,2,9,4,BOTH,10-Feb-2020,21:35:36,10-Feb-2020,21:36:24
20618,MOUSE5,0005E6A0296A,2,9,4,BOTH,10-Feb-2020,21:40:17,10-Feb-2020,21:42:25
20619,MOUSE5,0005E6A0296A,1,9,4,BOTH,10-Feb-2020,22:15:36,10-Feb-2020,22:17:01
20620,MOUSE5,0005E6A0296A,1,9,4,BOTH,10-Feb-2020,22:26:48,10-Feb-2020,22:27:36
20621,MOUSE5,0005E6A0296A,1,9,4,BOTH,10-Feb-2020,22:34:48,10-Feb-2020,22:35:18
20622,MOUSE5,0005E6A0296A,1,9,4,BOTH,10-Feb-2020,22:39:29,10-Feb-2020,22:40:28
20623,MOUSE5,0005E6A0296A,1,9,4,BOTH,10-Feb-2020,22:58:35,10-Feb-2020,22:59:20
20624,MOUSE5,0005E6A0296A,1,9,4,BOTH,10-Feb-2020,23:16:47,10-Feb-2020,23:17:11
20625,MOUSE5,0005E6A0296A,1,9,4,BOTH,10-Feb-2020,23:26:34,10-Feb-2020,23:27:41
20626,MOUSE5,0005E6A0296A,1,9,4,BOTH,10-Feb-2020,23:28:03,10-Feb-2020,23:30:35
20627,MOUSE5,0005E6A0296A,0,9,4,BOTH,10-Feb-2020,23:41:10,10-Feb-2020,23:41:18
20628,MOUSE5,0005E6A0296A,2,9,4,BOTH,10-Feb-2020,23:49:21,10-Feb-2020,23:52:38
20629,MOUSE5,0005E6A0296A,1,9,4,BOTH,11-Feb-2020,00:00:23,11-Feb-2020,00:02:03
20630,MOUSE5,0005E6A0296A,2,9,4,BOTH,11-Feb-2020,00:26:09,11-Feb-2020,00:30:47
20631,MOUSE5,0005E6A0296A,1,9,4,BOTH,11-Feb-2020,00:42:29,11-Feb-2020,00:43:38
20632,MOUSE5,0005E6A0296A,1,9,4,BOTH,11-Feb-2020,00:58:11,11-Feb-2020,01:01:32
20633,MOUSE5,0005E6A0296A,1,9,4,BOTH,11-Feb-2020,01:07:35,11-Feb-2020,01:08:40
20634,MOUSE5,0005E6A0296A,1,9,4,BOTH,11-Feb-2020,01:14:56,11-Feb-2020,01:15:41
20635,MOUSE5,0005E6A0296A,2,9,4,BOTH,11-Feb-2020,01:16:50,11-Feb-2020,01:19:06
20636,MOUSE5,0005E6A0296A,1,9,4,BOTH,11-Feb-2020,01:29:29,11-Feb-2020,01:29:57
20637,MOUSE5,0005E6A0296A,1,9,4,BOTH,11-Feb-2020,01:35:16,11-Feb-2020,01:37:14
20638,MOUSE5,0005E6A0296A,1,9,4,BOTH,11-Feb-2020,02:10:12,11-Feb-2020,02:10:21
20639,MOUSE5,0005E6A0296A,1,9,4,BOTH,11-Feb-2020,02:18:36,11-Feb-2020,02:21:11
20640,MOUSE5,0005E6A0296A,1,9,4,BOTH,11-Feb-2020,02:21:36,11-Feb-2020,02:24:48
20641,MOUSE5,0005E6A0296A,1,9,4,BOTH,11-Feb-2020,06:08:21,11-Feb-2020,06:08:41
20642,MOUSE5,0005E6A0296A,0,9,4,BOTH,11-Feb-2020,06:18:30,11-Feb-2020,06:18:38
20643,MOUSE5,0005E6A0296A,0,9,4,BOTH,11-Feb-2020,06:23:34,11-Feb-2020,06:23:41
20644,MOUSE5,0005E6A0296A,1,9,4,BOTH,11-Feb-2020,06:29:27,11-Feb-2020,06:30:29
20645,MOUSE5,0005E6A0296A,1,9,4,BOTH,11-Feb-2020,06:30:41,11-Feb-2020,06:31:32
20646,MOUSE5,0005E6A0296A,1,9,4,BOTH,11-Feb-2020,08:40:45,11-Feb-2020,08:40:57
20647,MOUSE5,0005E6A0296A,0,9,4,BOTH,11-Feb-2020,08:47:53,11-Feb-2020,08:48:01
20648,MOUSE5,0005E6A0296A,1,9,4,BOTH,11-Feb-2020,08:58:24,11-Feb-2020,08:58:41
20649,MOUSE5,0005E6A0296A,1,9,4,BOTH,11-Feb-2020,09:07:19,11-Feb-2020,09:07:29
20650,MOUSE5,0005E6A0296A,0,9,4,BOTH,11-Feb-2020,09:29:20,11-Feb-2020,09:29:27
20651,MOUSE5,0005E6A0296A,1,8,4,BOTH,11-Feb-2020,14:41:07,11-Feb-2020,14:41:29
20652,MOUSE5,0005E6A0296A,0,8,4,BOTH,11-Feb-2020,15:10:31,11-Feb-2020,15:10:39
20653,MOUSE5,0005E6A0296A,11,8,4,BOTH,11-Feb-2020,19:14:13,11-Feb-2020,19:18:45
20654,MOUSE5,0005E6A0296A,13,8,4,BOTH,11-Feb-2020,19:22:10,11-Feb-2020,19:24:38
20655,MOUSE5,0005E6A0296A,13,8,4,BOTH,11-Feb-2020,19:24:41,11-Feb-2020,19:28:11
20656,MOUSE5,0005E6A0296A,14,8,4,BOTH,11-Feb-2020,19:32:52,11-Feb-2020,19:35:32
20657,MOUSE5,0005E6A0296A,23,8,4,BOTH,11-Feb-2020,19:38:18,11-Feb-2020,19:43:31
20658,MOUSE5,0005E6A0296A,10,8,4,BOTH,11-Feb-2020,19:43:46,11-Feb-2020,19:46:45
20659,MOUSE5,0005E6A0296A,17,8,4,BOTH,11-Feb-2020,20:00:43,11-Feb-2020,20:04:36
20660,MOUSE5,0005E6A0296A,10,8,4,BOTH,11-Feb-2020,20:14:19,11-Feb-2020,20:16:37
20661,MOUSE5,0005E6A0296A,2,8,4,BOTH,11-Feb-2020,20:26:51,11-Feb-2020,20:27:54
20662,MOUSE5,0005E6A0296A,13,8,4,BOTH,11-Feb-2020,20:36:03,11-Feb-2020,20:39:14
20663,MOUSE5,0005E6A0296A,1,8,4,BOTH,11-Feb-2020,20:39:38,11-Feb-2020,20:39:48
20664,MOUSE5,0005E6A0296A,1,8,4,BOTH,11-Feb-2020,20:41:53,11-Feb-2020,20:42:29
20665,MOUSE5,0005E6A0296A,1,8,4,BOTH,11-Feb-2020,20:43:52,11-Feb-2020,20:45:15
20666,MOUSE5,0005E6A0296A,2,8,4,BOTH,11-Feb-2020,20:45:57,11-Feb-2020,20:46:15
20667,MOUSE5,0005E6A0296A,15,8,4,BOTH,11-Feb-2020,20:46:43,11-Feb-2020,20:50:09
20668,MOUSE5,0005E6A0296A,0,8,4,BOTH,11-Feb-2020,20:50:25,11-Feb-2020,20:50:33
20669,MOUSE5,0005E6A0296A,1,8,4,BOTH,11-Feb-2020,21:01:54,11-Feb-2020,21:02:19
20670,MOUSE5,0005E6A0296A,3,8,4,BOTH,11-Feb-2020,21:32:20,11-Feb-2020,21:33:43
20671,MOUSE5,0005E6A0296A,5,8,4,BOTH,11-Feb-2020,21:37:25,11-Feb-2020,21:38:16
20672,MOUSE5,0005E6A0296A,1,8,4,BOTH,11-Feb-2020,21:45:41,11-Feb-2020,21:46:46
20673,MOUSE5,0005E6A0296A,6,8,4,BOTH,11-Feb-2020,21:56:13,11-Feb-2020,21:58:05
20674,MOUSE5,0005E6A0296A,1,8,4,BOTH,11-Feb-2020,22:05:25,11-Feb-2020,22:05:35
20675,MOUSE5,0005E6A0296A,2,8,4,BOTH,11-Feb-2020,22:13:11,11-Feb-2020,22:13:46
20676,MOUSE5,0005E6A0296A,36,8,4,BOTH,11-Feb-2020,22:14:28,11-Feb-2020,22:20:47
20677,MOUSE5,0005E6A0296A,6,8,4,BOTH,11-Feb-2020,22:37:44,11-Feb-2020,22:38:50
20678,MOUSE5,0005E6A0296A,1,8,4,BOTH,11-Feb-2020,22:40:37,11-Feb-2020,22:42:38
20679,MOUSE5,0005E6A0296A,8,8,4,BOTH,11-Feb-2020,22:55:02,11-Feb-2020,22:56:19
20680,MOUSE5,0005E6A0296A,5,8,4,BOTH,11-Feb-2020,22:57:12,11-Feb-2020,22:58:12
20681,MOUSE5,0005E6A0296A,24,8,4,BOTH,11-Feb-2020,23:27:44,11-Feb-2020,23:32:53
20682,MOUSE5,0005E6A0296A,4,8,4,BOTH,11-Feb-2020,23:49:40,11-Feb-2020,23:52:05
20683,MOUSE5,0005E6A0296A,4,8,4,BOTH,11-Feb-2020,23:52:33,11-Feb-2020,23:53:20
20684,MOUSE5,0005E6A0296A,4,8,4,BOTH,11-Feb-2020,23:54:40,11-Feb-2020,23:56:16
20685,MOUSE5,0005E6A0296A,1,8,4,BOTH,12-Feb-2020,00:04:03,12-Feb-2020,00:04:11
20686,MOUSE5,0005E6A0296A,10,8,4,BOTH,12-Feb-2020,00:13:52,12-Feb-2020,00:15:59
20687,MOUSE5,0005E6A0296A,2,8,4,BOTH,12-Feb-2020,00:16:07,12-Feb-2020,00:16:34
20688,MOUSE5,0005E6A0296A,1,8,4,BOTH,12-Feb-2020,00:27:23,12-Feb-2020,00:28:12
20689,MOUSE5,0005E6A0296A,8,8,4,BOTH,12-Feb-2020,00:50:16,12-Feb-2020,00:51:51
20690,MOUSE5,0005E6A0296A,2,8,4,BOTH,12-Feb-2020,00:52:06,12-Feb-2020,00:52:32
20691,MOUSE5,0005E6A0296A,4,8,4,BOTH,12-Feb-2020,00:53:07,12-Feb-2020,00:54:01
20692,MOUSE5,0005E6A0296A,3,8,4,BOTH,12-Feb-2020,01:10:50,12-Feb-2020,01:11:22
20693,MOUSE5,0005E6A0296A,11,8,4,BOTH,12-Feb-2020,01:14:19,12-Feb-2020,01:16:57
20694,MOUSE5,0005E6A0296A,19,8,4,BOTH,12-Feb-2020,01:42:37,12-Feb-2020,01:46:57
20695,MOUSE5,0005E6A0296A,32,8,4,BOTH,12-Feb-2020,01:51:59,12-Feb-2020,01:59:00
20696,MOUSE5,0005E6A0296A,0,8,4,BOTH,12-Feb-2020,04:24:15,12-Feb-2020,04:24:23
20697,MOUSE5,0005E6A0296A,8,8,4,BOTH,12-Feb-2020,05:31:37,12-Feb-2020,05:33:47
20698,MOUSE5,0005E6A0296A,15,8,4,BOTH,12-Feb-2020,05:33:53,12-Feb-2020,05:37:54
20699,MOUSE5,0005E6A0296A,0,8,4,BOTH,12-Feb-2020,05:47:12,12-Feb-2020,05:47:20
20700,MOUSE5,0005E6A0296A,13,8,4,BOTH,12-Feb-2020,06:10:56,12-Feb-2020,06:13:43
20701,MOUSE5,0005E6A0296A,32,8,4,BOTH,12-Feb-2020,06:14:00,12-Feb-2020,06:20:43
20702,MOUSE5,0005E6A0296A,0,8,4,BOTH,12-Feb-2020,06:39:14,12-Feb-2020,06:39:43
20703,MOUSE5,0005E6A0296A,3,8,4,BOTH,12-Feb-2020,06:54:02,12-Feb-2020,06:54:48
20704,MOUSE5,0005E6A0296A,0,8,4,BOTH,12-Feb-2020,09:08:46,12-Feb-2020,09:08:54
20705,MOUSE5,0005E6A0296A,0,8,4,BOTH,12-Feb-2020,11:13:50,12-Feb-2020,11:13:57
20706,MOUSE5,0005E6A0296A,0,8,4,BOTH,12-Feb-2020,12:52:43,12-Feb-2020,12:52:50
20707,MOUSE5,0005E6A0296A,0,8,4,BOTH,12-Feb-2020,13:20:00,12-Feb-2020,13:20:07
20708,MOUSE5,0005E6A0296A,0,8,4,BOTH,12-Feb-2020,13:21:46,12-Feb-2020,13:21:54
20709,MOUSE5,0005E6A0296A,0,8,4,BOTH,12-Feb-2020,13:26:31,12-Feb-2020,13:26:39
20710,MOUSE5,0005E6A0296A,1,8,4,BOTH,12-Feb-2020,13:39:28,12-Feb-2020,13:40:00
20711,MOUSE5,0005E6A0296A,1,8,4,BOTH,12-Feb-2020,14:00:51,12-Feb-2020,14:01:01
20712,MOUSE5,0005E6A0296A,0,8,4,BOTH,12-Feb-2020,15:23:22,12-Feb-2020,15:23:30
20713,MOUSE5,0005E6A0296A,1,8,4,BOTH,12-Feb-2020,17:22:24,12-Feb-2020,17:22:48
20714,MOUSE5,0005E6A0296A,0,8,4,BOTH,12-Feb-2020,18:43:51,12-Feb-2020,18:43:59
20715,MOUSE5,0005E6A0296A,2,8,4,BOTH,12-Feb-2020,19:10:07,12-Feb-2020,19:11:31
20716,MOUSE5,0005E6A0296A,0,8,4,BOTH,12-Feb-2020,19:17:05,12-Feb-2020,19:17:12
20717,MOUSE5,0005E6A0296A,2,8,4,BOTH,12-Feb-2020,19:17:52,12-Feb-2020,19:19:41
20718,MOUSE5,0005E6A0296A,1,8,4,BOTH,12-Feb-2020,19:31:33,12-Feb-2020,19:32:11
20719,MOUSE5,0005E6A0296A,0,8,4,BOTH,12-Feb-2020,19:33:26,12-Feb-2020,19:33:33
20720,MOUSE5,0005E6A0296A,1,8,4,BOTH,12-Feb-2020,19:33:52,12-Feb-2020,19:34:12
20721,MOUSE5,0005E6A0296A,1,8,4,BOTH,12-Feb-2020,19:35:25,12-Feb-2020,19:36:14
20722,MOUSE5,0005E6A0296A,1,8,4,BOTH,12-Feb-2020,19:37:38,12-Feb-2020,19:37:53
20723,MOUSE5,0005E6A0296A,1,8,4,BOTH,12-Feb-2020,19:38:27,12-Feb-2020,19:41:01
20724,MOUSE5,0005E6A0296A,0,8,4,BOTH,12-Feb-2020,19:50:20,12-Feb-2020,19:50:28
20725,MOUSE5,0005E6A0296A,0,8,4,BOTH,12-Feb-2020,19:51:54,12-Feb-2020,19:52:02
20726,MOUSE5,0005E6A0296A,4,8,4,BOTH,12-Feb-2020,19:57:09,12-Feb-2020,19:57:59
20727,MOUSE5,0005E6A0296A,1,8,4,BOTH,12-Feb-2020,20:03:42,12-Feb-2020,20:04:04
20728,MOUSE5,0005E6A0296A,3,8,4,BOTH,12-Feb-2020,20:39:35,12-Feb-2020,20:40:52
20729,MOUSE5,0005E6A0296A,10,8,4,BOTH,12-Feb-2020,20:42:49,12-Feb-2020,20:44:55
20730,MOUSE5,0005E6A0296A,12,8,4,BOTH,12-Feb-2020,20:46:58,12-Feb-2020,20:49:47
20731,MOUSE5,0005E6A0296A,1,8,4,BOTH,12-Feb-2020,20:50:12,12-Feb-2020,20:50:20
20732,MOUSE5,0005E6A0296A,28,8,4,BOTH,12-Feb-2020,20:51:36,12-Feb-2020,20:58:27
20733,MOUSE5,0005E6A0296A,1,8,4,BOTH,12-Feb-2020,20:58:36,12-Feb-2020,20:58:44
20734,MOUSE5,0005E6A0296A,9,8,4,BOTH,12-Feb-2020,21:01:48,12-Feb-2020,21:03:33
20735,MOUSE5,0005E6A0296A,0,8,4,BOTH,12-Feb-2020,21:05:34,12-Feb-2020,21:05:41
20736,MOUSE5,0005E6A0296A,0,8,4,BOTH,12-Feb-2020,21:06:14,12-Feb-2020,21:06:22
20737,MOUSE5,0005E6A0296A,38,8,4,BOTH,12-Feb-2020,21:06:24,12-Feb-2020,21:14:40
20738,MOUSE5,0005E6A0296A,3,8,4,BOTH,12-Feb-2020,21:18:45,12-Feb-2020,21:19:27
20739,MOUSE5,0005E6A0296A,1,8,4,BOTH,12-Feb-2020,21:19:34,12-Feb-2020,21:19:41
20740,MOUSE5,0005E6A0296A,6,8,4,BOTH,12-Feb-2020,21:27:45,12-Feb-2020,21:28:47
20741,MOUSE5,0005E6A0296A,6,8,4,BOTH,12-Feb-2020,21:34:52,12-Feb-2020,21:36:18
20742,MOUSE5,0005E6A0296A,1,8,4,BOTH,12-Feb-2020,21:38:51,12-Feb-2020,21:39:08
20743,MOUSE5,0005E6A0296A,3,8,4,BOTH,12-Feb-2020,21:46:08,12-Feb-2020,21:46:42
20744,MOUSE5,0005E6A0296A,4,8,4,BOTH,12-Feb-2020,21:47:57,12-Feb-2020,21:48:52
20745,MOUSE5,0005E6A0296A,3,8,4,BOTH,12-Feb-2020,21:56:59,12-Feb-2020,21:57:33
20746,MOUSE5,0005E6A0296A,0,8,4,BOTH,12-Feb-2020,22:05:05,12-Feb-2020,22:05:13
20747,MOUSE5,0005E6A0296A,21,8,4,BOTH,12-Feb-2020,22:10:47,12-Feb-2020,22:14:47
20748,MOUSE5,0005E6A0296A,13,8,4,BOTH,12-Feb-2020,22:37:58,12-Feb-2020,22:40:23
20749,MOUSE5,0005E6A0296A,3,8,4,BOTH,12-Feb-2020,22:57:14,12-Feb-2020,22:57:52
20750,MOUSE5,0005E6A0296A,5,8,4,BOTH,12-Feb-2020,22:58:01,12-Feb-2020,22:59:17
20751,MOUSE5,0005E6A0296A,7,8,4,BOTH,12-Feb-2020,23:13:43,12-Feb-2020,23:15:02
20752,MOUSE5,0005E6A0296A,2,8,4,BOTH,12-Feb-2020,23:23:55,12-Feb-2020,23:24:12
20753,MOUSE5,0005E6A0296A,2,8,4,BOTH,12-Feb-2020,23:24:55,12-Feb-2020,23:25:11
20754,MOUSE5,0005E6A0296A,1,8,4,BOTH,12-Feb-2020,23:41:19,12-Feb-2020,23:42:22
20755,MOUSE5,0005E6A0296A,1,8,4,BOTH,12-Feb-2020,23:50:38,12-Feb-2020,23:51:36
20756,MOUSE5,0005E6A0296A,1,8,4,BOTH,13-Feb-2020,00:09:49,13-Feb-2020,00:09:57
20757,MOUSE5,0005E6A0296A,0,8,4,BOTH,13-Feb-2020,00:09:59,13-Feb-2020,00:10:07
20758,MOUSE5,0005E6A0296A,1,8,4,BOTH,13-Feb-2020,00:21:51,13-Feb-2020,00:22:09
20759,MOUSE5,0005E6A0296A,1,8,4,BOTH,13-Feb-2020,00:22:12,13-Feb-2020,00:22:38
20760,MOUSE5,0005E6A0296A,1,8,4,BOTH,13-Feb-2020,00:32:26,13-Feb-2020,00:32:44
20761,MOUSE5,0005E6A0296A,2,8,4,BOTH,13-Feb-2020,00:50:40,13-Feb-2020,00:51:14
20762,MOUSE5,0005E6A0296A,0,8,4,BOTH,13-Feb-2020,03:28:42,13-Feb-2020,03:28:49
20763,MOUSE5,0005E6A0296A,0,8,4,BOTH,13-Feb-2020,05:39:09,13-Feb-2020,05:39:17
20764,MOUSE5,0005E6A0296A,12,8,4,BOTH,13-Feb-2020,05:39:18,13-Feb-2020,05:42:31
20765,MOUSE5,0005E6A0296A,12,8,4,BOTH,13-Feb-2020,05:43:42,13-Feb-2020,05:46:17
20766,MOUSE5,0005E6A0296A,5,8,4,BOTH,13-Feb-2020,05:47:59,13-Feb-2020,05:49:15
20767,MOUSE5,0005E6A0296A,8,8,4,BOTH,13-Feb-2020,05:49:23,13-Feb-2020,05:51:11
20768,MOUSE5,0005E6A0296A,19,8,4,BOTH,13-Feb-2020,05:54:06,13-Feb-2020,05:57:39
20769,MOUSE5,0005E6A0296A,0,8,4,BOTH,13-Feb-2020,05:58:01,13-Feb-2020,05:58:08
20770,MOUSE5,0005E6A0296A,5,8,4,BOTH,13-Feb-2020,06:02:55,13-Feb-2020,06:03:50
20771,MOUSE5,0005E6A0296A,0,8,4,BOTH,13-Feb-2020,06:04:14,13-Feb-2020,06:04:22
20772,MOUSE5,0005E6A0296A,7,8,4,BOTH,13-Feb-2020,06:04:44,13-Feb-2020,06:06:01
20773,MOUSE5,0005E6A0296A,34,8,4,BOTH,13-Feb-2020,06:06:50,13-Feb-2020,06:13:17
20774,MOUSE5,0005E6A0296A,1,8,4,BOTH,13-Feb-2020,06:16:20,13-Feb-2020,06:16:28
20775,MOUSE5,0005E6A0296A,1,8,4,BOTH,13-Feb-2020,06:38:23,13-Feb-2020,06:38:33
20776,MOUSE5,0005E6A0296A,1,8,4,BOTH,13-Feb-2020,06:39:25,13-Feb-2020,06:39:32
20777,MOUSE5,0005E6A0296A,4,8,4,BOTH,13-Feb-2020,06:40:15,13-Feb-2020,06:40:52
20778,MOUSE5,0005E6A0296A,4,8,4,BOTH,13-Feb-2020,06:40:58,13-Feb-2020,06:41:44
20779,MOUSE5,0005E6A0296A,2,8,4,BOTH,13-Feb-2020,06:42:20,13-Feb-2020,06:42:46
20780,MOUSE5,0005E6A0296A,1,8,4,BOTH,13-Feb-2020,09:15:58,13-Feb-2020,09:16:06
20781,MOUSE5,0005E6A0296A,1,10,4,BOTH,13-Feb-2020,11:16:43,13-Feb-2020,11:17:00
20782,MOUSE5,0005E6A0296A,1,10,4,BOTH,13-Feb-2020,11:21:06,13-Feb-2020,11:21:22
20783,MOUSE5,0005E6A0296A,1,10,4,BOTH,13-Feb-2020,18:41:37,13-Feb-2020,18:42:09
20784,MOUSE5,0005E6A0296A,1,10,4,BOTH,13-Feb-2020,19:03:09,13-Feb-2020,19:03:29
20785,MOUSE5,0005E6A0296A,7,10,4,BOTH,13-Feb-2020,19:04:32,13-Feb-2020,19:06:07
20786,MOUSE5,0005E6A0296A,2,10,4,BOTH,13-Feb-2020,19:07:27,13-Feb-2020,19:08:14
20787,MOUSE5,0005E6A0296A,1,10,4,BOTH,13-Feb-2020,19:11:03,13-Feb-2020,19:11:10
20788,MOUSE5,0005E6A0296A,8,10,4,BOTH,13-Feb-2020,19:13:11,13-Feb-2020,19:14:55
20789,MOUSE5,0005E6A0296A,7,10,4,BOTH,13-Feb-2020,19:15:37,13-Feb-2020,19:17:33
20790,MOUSE5,0005E6A0296A,23,10,4,BOTH,13-Feb-2020,19:17:36,13-Feb-2020,19:23:38
20791,MOUSE5,0005E6A0296A,0,10,4,BOTH,13-Feb-2020,19:24:46,13-Feb-2020,19:24:53
20792,MOUSE5,0005E6A0296A,3,10,4,BOTH,13-Feb-2020,19:26:09,13-Feb-2020,19:26:52
20793,MOUSE5,0005E6A0296A,9,10,4,BOTH,13-Feb-2020,19:45:30,13-Feb-2020,19:48:14
20794,MOUSE5,0005E6A0296A,2,10,4,BOTH,13-Feb-2020,19:49:22,13-Feb-2020,19:50:53
20795,MOUSE5,0005E6A0296A,1,10,4,BOTH,13-Feb-2020,19:58:07,13-Feb-2020,19:59:49
20796,MOUSE5,0005E6A0296A,21,10,4,BOTH,13-Feb-2020,20:06:52,13-Feb-2020,20:11:45
20797,MOUSE5,0005E6A0296A,0,10,4,BOTH,13-Feb-2020,20:12:00,13-Feb-2020,20:12:08
20798,MOUSE5,0005E6A0296A,0,10,4,BOTH,13-Feb-2020,20:27:08,13-Feb-2020,20:27:16
20799,MOUSE5,0005E6A0296A,0,10,4,BOTH,13-Feb-2020,20:39:56,13-Feb-2020,20:40:04
20800,MOUSE5,0005E6A0296A,12,10,4,BOTH,13-Feb-2020,21:08:15,13-Feb-2020,21:11:10
20801,MOUSE5,0005E6A0296A,1,10,4,BOTH,13-Feb-2020,21:15:35,13-Feb-2020,21:16:03
20802,MOUSE5,0005E6A0296A,2,10,4,BOTH,13-Feb-2020,21:31:29,13-Feb-2020,21:32:11
20803,MOUSE5,0005E6A0296A,0,10,4,BOTH,13-Feb-2020,21:35:08,13-Feb-2020,21:35:15
20804,MOUSE5,0005E6A0296A,6,10,4,BOTH,13-Feb-2020,21:40:20,13-Feb-2020,21:41:44
20805,MOUSE5,0005E6A0296A,2,10,4,BOTH,13-Feb-2020,21:54:20,13-Feb-2020,21:55:06
20806,MOUSE5,0005E6A0296A,6,10,4,BOTH,13-Feb-2020,21:56:47,13-Feb-2020,21:58:25
20807,MOUSE5,0005E6A0296A,3,10,4,BOTH,13-Feb-2020,22:01:48,13-Feb-2020,22:02:18
20808,MOUSE5,0005E6A0296A,4,10,4,BOTH,13-Feb-2020,22:02:54,13-Feb-2020,22:03:32
20809,MOUSE5,0005E6A0296A,7,10,4,BOTH,13-Feb-2020,22:05:05,13-Feb-2020,22:06:32
20810,MOUSE5,0005E6A0296A,1,10,4,BOTH,13-Feb-2020,22:20:51,13-Feb-2020,22:21:08
20811,MOUSE5,0005E6A0296A,0,10,4,BOTH,13-Feb-2020,22:32:21,13-Feb-2020,22:32:28
20812,MOUSE5,0005E6A0296A,9,10,4,BOTH,13-Feb-2020,22:41:32,13-Feb-2020,22:43:26
20813,MOUSE5,0005E6A0296A,34,10,4,BOTH,13-Feb-2020,22:43:32,13-Feb-2020,22:52:11
20814,MOUSE5,0005E6A0296A,16,10,4,BOTH,13-Feb-2020,22:53:16,13-Feb-2020,22:56:52
20815,MOUSE5,0005E6A0296A,6,10,4,BOTH,13-Feb-2020,22:58:12,13-Feb-2020,22:59:40
20816,MOUSE5,0005E6A0296A,40,10,4,BOTH,13-Feb-2020,22:59:44,13-Feb-2020,23:09:22
20817,MOUSE5,0005E6A0296A,0,10,4,BOTH,13-Feb-2020,23:14:56,13-Feb-2020,23:15:04
20818,MOUSE5,0005E6A0296A,0,10,4,BOTH,13-Feb-2020,23:21:44,13-Feb-2020,23:21:52
20819,MOUSE5,0005E6A0296A,45,10,4,BOTH,13-Feb-2020,23:22:15,13-Feb-2020,23:32:11
20820,MOUSE5,0005E6A0296A,1,10,4,BOTH,13-Feb-2020,23:44:13,13-Feb-2020,23:45:22
20821,MOUSE5,0005E6A0296A,22,10,4,BOTH,14-Feb-2020,00:06:15,14-Feb-2020,00:11:49
20822,MOUSE5,0005E6A0296A,0,10,4,BOTH,14-Feb-2020,00:33:41,14-Feb-2020,00:33:48
20823,MOUSE5,0005E6A0296A,1,10,4,BOTH,14-Feb-2020,01:56:19,14-Feb-2020,01:56:39
20824,MOUSE5,0005E6A0296A,2,10,4,BOTH,14-Feb-2020,05:57:17,14-Feb-2020,05:57:47
20825,MOUSE5,0005E6A0296A,1,10,4,BOTH,14-Feb-2020,05:58:58,14-Feb-2020,05:59:48
20826,MOUSE5,0005E6A0296A,20,10,4,BOTH,14-Feb-2020,06:03:44,14-Feb-2020,06:10:14
20827,MOUSE5,0005E6A0296A,15,10,4,BOTH,14-Feb-2020,06:10:45,14-Feb-2020,06:14:21
20828,MOUSE5,0005E6A0296A,0,10,4,BOTH,14-Feb-2020,06:16:13,14-Feb-2020,06:16:21
20829,MOUSE5,0005E6A0296A,0,10,4,BOTH,14-Feb-2020,06:34:57,14-Feb-2020,06:35:04
20830,MOUSE5,0005E6A0296A,0,10,4,BOTH,14-Feb-2020,06:40:41,14-Feb-2020,06:40:48
20831,MOUSE5,0005E6A0296A,0,10,4,BOTH,14-Feb-2020,06:42:45,14-Feb-2020,06:42:53
20832,MOUSE5,0005E6A0296A,5,10,4,BOTH,14-Feb-2020,06:47:40,14-Feb-2020,06:48:50
20833,MOUSE5,0005E6A0296A,8,10,4,BOTH,14-Feb-2020,06:49:27,14-Feb-2020,06:52:18
20834,MOUSE5,0005E6A0296A,18,10,4,BOTH,14-Feb-2020,06:52:48,14-Feb-2020,06:58:13
20835,MOUSE5,0005E6A0296A,0,10,4,BOTH,14-Feb-2020,07:02:26,14-Feb-2020,07:02:33
20836,MOUSE5,0005E6A0296A,0,10,4,BOTH,14-Feb-2020,07:02:42,14-Feb-2020,07:02:49
20837,MOUSE5,0005E6A0296A,14,10,4,BOTH,14-Feb-2020,07:06:40,14-Feb-2020,07:09:21
20838,MOUSE5,0005E6A0296A,2,10,4,BOTH,14-Feb-2020,07:09:49,14-Feb-2020,07:10:16
20839,MOUSE5,0005E6A0296A,1,10,4,BOTH,14-Feb-2020,07:29:56,14-Feb-2020,07:30:33
20840,MOUSE5,0005E6A0296A,1,10,4,BOTH,14-Feb-2020,07:46:18,14-Feb-2020,07:46:42
20841,MOUSE5,0005E6A0296A,0,10,4,BOTH,14-Feb-2020,09:10:45,14-Feb-2020,09:10:53
20842,MOUSE5,0005E6A0296A,0,11,4,BOTH,14-Feb-2020,12:09:25,14-Feb-2020,12:09:46
20843,MOUSE5,0005E6A0296A,0,11,4,BOTH,14-Feb-2020,12:13:17,14-Feb-2020,12:15:23
20844,MOUSE5,0005E6A0296A,0,11,4,BOTH,14-Feb-2020,12:22:58,14-Feb-2020,12:23:06
20845,MOUSE5,0005E6A0296A,0,11,4,BOTH,14-Feb-2020,12:31:29,14-Feb-2020,12:32:05
20846,MOUSE5,0005E6A0296A,0,11,4,BOTH,14-Feb-2020,17:39:16,14-Feb-2020,17:39:23
20847,MOUSE5,0005E6A0296A,0,11,4,BOTH,14-Feb-2020,18:40:13,14-Feb-2020,18:40:21
20848,MOUSE5,0005E6A0296A,0,11,4,BOTH,14-Feb-2020,18:56:19,14-Feb-2020,18:56:56
20849,MOUSE5,0005E6A0296A,0,11,4,BOTH,14-Feb-2020,18:58:36,14-Feb-2020,18:59:49
20850,MOUSE5,0005E6A0296A,0,11,4,BOTH,14-Feb-2020,19:04:19,14-Feb-2020,19:04:45
20851,MOUSE5,0005E6A0296A,0,11,4,BOTH,14-Feb-2020,19:06:38,14-Feb-2020,19:06:46
20852,MOUSE5,0005E6A0296A,2,11,4,BOTH,14-Feb-2020,19:13:48,14-Feb-2020,19:16:28
20853,MOUSE5,0005E6A0296A,0,11,4,BOTH,14-Feb-2020,19:17:11,14-Feb-2020,19:19:26
20854,MOUSE5,0005E6A0296A,0,11,4,BOTH,14-Feb-2020,19:20:09,14-Feb-2020,19:21:27
20855,MOUSE5,0005E6A0296A,1,11,4,BOTH,14-Feb-2020,19:27:08,14-Feb-2020,19:27:57
20856,MOUSE5,0005E6A0296A,0,11,4,BOTH,14-Feb-2020,19:32:01,14-Feb-2020,19:33:42
20857,MOUSE5,0005E6A0296A,0,11,4,BOTH,14-Feb-2020,19:46:33,14-Feb-2020,19:46:48
20858,MOUSE5,0005E6A0296A,0,11,4,BOTH,14-Feb-2020,19:55:47,14-Feb-2020,19:56:16
20859,MOUSE5,0005E6A0296A,1,11,4,BOTH,14-Feb-2020,20:12:00,14-Feb-2020,20:12:21
20860,MOUSE5,0005E6A0296A,0,11,4,BOTH,14-Feb-2020,20:21:01,14-Feb-2020,20:22:27
20861,MOUSE5,0005E6A0296A,1,11,4,BOTH,14-Feb-2020,20:23:02,14-Feb-2020,20:23:59
20862,MOUSE5,0005E6A0296A,0,11,4,BOTH,14-Feb-2020,20:33:53,14-Feb-2020,20:35:31
20863,MOUSE5,0005E6A0296A,0,11,4,BOTH,14-Feb-2020,20:40:16,14-Feb-2020,20:41:48
20864,MOUSE5,0005E6A0296A,1,11,4,BOTH,14-Feb-2020,20:46:49,14-Feb-2020,20:48:19
20865,MOUSE5,0005E6A0296A,0,11,4,BOTH,14-Feb-2020,21:01:08,14-Feb-2020,21:02:54
20866,MOUSE5,0005E6A0296A,1,11,4,BOTH,14-Feb-2020,21:03:39,14-Feb-2020,21:04:04
20867,MOUSE5,0005E6A0296A,0,11,4,BOTH,14-Feb-2020,21:11:15,14-Feb-2020,21:11:22
20868,MOUSE5,0005E6A0296A,0,11,4,BOTH,14-Feb-2020,21:28:19,14-Feb-2020,21:28:52
20869,MOUSE5,0005E6A0296A,1,11,4,BOTH,14-Feb-2020,21:37:01,14-Feb-2020,21:37:46
20870,MOUSE5,0005E6A0296A,1,11,4,BOTH,14-Feb-2020,21:40:01,14-Feb-2020,21:40:35
20871,MOUSE5,0005E6A0296A,0,11,4,BOTH,14-Feb-2020,21:43:15,14-Feb-2020,21:43:23
20872,MOUSE5,0005E6A0296A,0,11,4,BOTH,14-Feb-2020,21:58:42,14-Feb-2020,22:00:01
20873,MOUSE5,0005E6A0296A,0,11,4,BOTH,14-Feb-2020,22:02:17,14-Feb-2020,22:02:25
20874,MOUSE5,0005E6A0296A,1,11,4,BOTH,14-Feb-2020,22:13:59,14-Feb-2020,22:15:19
20875,MOUSE5,0005E6A0296A,0,11,4,BOTH,14-Feb-2020,22:24:57,14-Feb-2020,22:28:56
20876,MOUSE5,0005E6A0296A,1,11,4,BOTH,14-Feb-2020,22:35:07,14-Feb-2020,22:36:52
20877,MOUSE5,0005E6A0296A,0,11,4,BOTH,14-Feb-2020,22:42:09,14-Feb-2020,22:42:17
20878,MOUSE5,0005E6A0296A,0,11,4,BOTH,15-Feb-2020,01:18:48,15-Feb-2020,01:18:55
20879,MOUSE5,0005E6A0296A,0,11,4,BOTH,15-Feb-2020,01:18:57,15-Feb-2020,01:19:04
20880,MOUSE5,0005E6A0296A,0,11,4,BOTH,15-Feb-2020,01:30:27,15-Feb-2020,01:30:34
20881,MOUSE5,0005E6A0296A,0,11,4,BOTH,15-Feb-2020,01:32:07,15-Feb-2020,01:32:31
20882,MOUSE5,0005E6A0296A,1,11,4,BOTH,15-Feb-2020,01:39:21,15-Feb-2020,01:40:07
20883,MOUSE5,0005E6A0296A,1,11,4,BOTH,15-Feb-2020,01:49:56,15-Feb-2020,01:55:00
20884,MOUSE5,0005E6A0296A,1,11,4,BOTH,15-Feb-2020,01:55:21,15-Feb-2020,01:55:59
20885,MOUSE5,0005E6A0296A,0,11,4,BOTH,15-Feb-2020,01:59:48,15-Feb-2020,01:59:55
20886,MOUSE5,0005E6A0296A,2,11,4,BOTH,15-Feb-2020,02:03:25,15-Feb-2020,02:05:23
20887,MOUSE5,0005E6A0296A,2,11,4,BOTH,15-Feb-2020,02:05:28,15-Feb-2020,02:06:38
20888,MOUSE5,0005E6A0296A,0,11,4,BOTH,15-Feb-2020,02:06:57,15-Feb-2020,02:07:21
20889,MOUSE5,0005E6A0296A,5,11,4,BOTH,15-Feb-2020,02:08:19,15-Feb-2020,02:12:42
20890,MOUSE5,0005E6A0296A,1,11,4,BOTH,15-Feb-2020,02:13:20,15-Feb-2020,02:14:06
20891,MOUSE5,0005E6A0296A,2,11,4,BOTH,15-Feb-2020,02:16:05,15-Feb-2020,02:18:29
20892,MOUSE5,0005E6A0296A,1,11,4,BOTH,15-Feb-2020,02:22:39,15-Feb-2020,02:22:47
20893,MOUSE5,0005E6A0296A,1,11,4,BOTH,15-Feb-2020,02:27:03,15-Feb-2020,02:29:15
20894,MOUSE5,0005E6A0296A,0,11,4,BOTH,15-Feb-2020,02:32:11,15-Feb-2020,02:33:54
20895,MOUSE5,0005E6A0296A,0,11,4,BOTH,15-Feb-2020,05:52:40,15-Feb-2020,05:52:48
20896,MOUSE5,0005E6A0296A,0,11,4,BOTH,15-Feb-2020,07:14:12,15-Feb-2020,07:14:31
20897,MOUSE5,0005E6A0296A,1,11,4,BOTH,15-Feb-2020,07:16:02,15-Feb-2020,07:16:10
20898,MOUSE5,0005E6A0296A,0,11,4,BOTH,15-Feb-2020,08:26:24,15-Feb-2020,08:26:31
20899,MOUSE5,0005E6A0296A,0,11,4,BOTH,15-Feb-2020,09:59:23,15-Feb-2020,09:59:31
20900,MOUSE5,0005E6A0296A,0,11,4,BOTH,15-Feb-2020,10:30:48,15-Feb-2020,10:30:55
20901,MOUSE5,0005E6A0296A,0,11,4,BOTH,15-Feb-2020,11:01:26,15-Feb-2020,11:01:59
20902,MOUSE5,0005E6A0296A,0,12,4,BOTH,15-Feb-2020,16:03:30,15-Feb-2020,16:03:43
20903,MOUSE5,0005E6A0296A,0,12,4,BOTH,15-Feb-2020,17:39:04,15-Feb-2020,17:39:12
20904,MOUSE5,0005E6A0296A,1,12,4,BOTH,15-Feb-2020,17:48:51,15-Feb-2020,17:50:07
20905,MOUSE5,0005E6A0296A,0,12,4,BOTH,15-Feb-2020,17:59:37,15-Feb-2020,17:59:45
20906,MOUSE5,0005E6A0296A,5,12,4,BOTH,15-Feb-2020,18:04:01,15-Feb-2020,18:11:03
20907,MOUSE5,0005E6A0296A,0,12,4,BOTH,15-Feb-2020,18:56:21,15-Feb-2020,18:56:29
20908,MOUSE5,0005E6A0296A,0,12,4,BOTH,15-Feb-2020,19:02:13,15-Feb-2020,19:02:41
20909,MOUSE5,0005E6A0296A,0,12,4,BOTH,15-Feb-2020,19:02:53,15-Feb-2020,19:03:13
20910,MOUSE5,0005E6A0296A,2,12,4,BOTH,15-Feb-2020,19:04:29,15-Feb-2020,19:07:46
20911,MOUSE5,0005E6A0296A,0,12,4,BOTH,15-Feb-2020,19:12:42,15-Feb-2020,19:13:23
20912,MOUSE5,0005E6A0296A,0,12,4,BOTH,15-Feb-2020,19:14:03,15-Feb-2020,19:15:37
20913,MOUSE5,0005E6A0296A,0,12,4,BOTH,15-Feb-2020,19:17:44,15-Feb-2020,19:17:51
20914,MOUSE5,0005E6A0296A,0,12,4,BOTH,15-Feb-2020,19:20:10,15-Feb-2020,19:23:09
20915,MOUSE5,0005E6A0296A,0,12,4,BOTH,15-Feb-2020,19:29:18,15-Feb-2020,19:30:09
20916,MOUSE5,0005E6A0296A,0,12,4,BOTH,15-Feb-2020,19:33:14,15-Feb-2020,19:33:21
20917,MOUSE5,0005E6A0296A,0,12,4,BOTH,15-Feb-2020,19:36:57,15-Feb-2020,19:38:48
20918,MOUSE5,0005E6A0296A,1,12,4,BOTH,15-Feb-2020,19:45:48,15-Feb-2020,19:46:29
20919,MOUSE5,0005E6A0296A,0,12,4,BOTH,15-Feb-2020,19:48:23,15-Feb-2020,19:48:31
20920,MOUSE5,0005E6A0296A,2,12,4,BOTH,15-Feb-2020,20:01:35,15-Feb-2020,20:01:58
20921,MOUSE5,0005E6A0296A,0,12,4,BOTH,15-Feb-2020,20:22:24,15-Feb-2020,20:24:18
20922,MOUSE5,0005E6A0296A,0,12,4,BOTH,15-Feb-2020,20:31:35,15-Feb-2020,20:31:48
20923,MOUSE5,0005E6A0296A,0,12,4,BOTH,15-Feb-2020,20:33:11,15-Feb-2020,20:33:18
20924,MOUSE5,0005E6A0296A,0,12,4,BOTH,15-Feb-2020,20:44:38,15-Feb-2020,20:46:04
20925,MOUSE5,0005E6A0296A,0,12,4,BOTH,15-Feb-2020,20:46:50,15-Feb-2020,20:47:36
20926,MOUSE5,0005E6A0296A,0,12,4,BOTH,15-Feb-2020,20:49:45,15-Feb-2020,20:50:06
20927,MOUSE5,0005E6A0296A,0,12,4,BOTH,15-Feb-2020,20:57:11,15-Feb-2020,20:57:19
20928,MOUSE5,0005E6A0296A,0,12,4,BOTH,15-Feb-2020,21:01:51,15-Feb-2020,21:02:46
20929,MOUSE5,0005E6A0296A,2,12,4,BOTH,15-Feb-2020,21:06:47,15-Feb-2020,21:08:52
20930,MOUSE5,0005E6A0296A,1,12,4,BOTH,15-Feb-2020,21:13:13,15-Feb-2020,21:14:46
20931,MOUSE5,0005E6A0296A,0,12,4,BOTH,15-Feb-2020,21:26:25,15-Feb-2020,21:26:33
20932,MOUSE5,0005E6A0296A,0,12,4,BOTH,15-Feb-2020,21:31:02,15-Feb-2020,21:31:09
20933,MOUSE5,0005E6A0296A,0,12,4,BOTH,15-Feb-2020,21:37:50,15-Feb-2020,21:38:34
20934,MOUSE5,0005E6A0296A,0,12,4,BOTH,15-Feb-2020,21:39:48,15-Feb-2020,21:42:43
20935,MOUSE5,0005E6A0296A,0,12,4,BOTH,15-Feb-2020,21:43:16,15-Feb-2020,21:43:49
20936,MOUSE5,0005E6A0296A,2,12,4,BOTH,15-Feb-2020,21:44:41,15-Feb-2020,21:45:49
20937,MOUSE5,0005E6A0296A,0,12,4,BOTH,15-Feb-2020,21:45:52,15-Feb-2020,21:46:00
20938,MOUSE5,0005E6A0296A,2,12,4,BOTH,15-Feb-2020,21:48:15,15-Feb-2020,21:49:25
20939,MOUSE5,0005E6A0296A,0,12,4,BOTH,15-Feb-2020,22:01:04,15-Feb-2020,22:01:19
20940,MOUSE5,0005E6A0296A,1,12,4,BOTH,15-Feb-2020,22:02:10,15-Feb-2020,22:02:50
20941,MOUSE5,0005E6A0296A,0,12,4,BOTH,15-Feb-2020,22:04:20,15-Feb-2020,22:04:27
20942,MOUSE5,0005E6A0296A,0,12,4,BOTH,16-Feb-2020,00:31:27,16-Feb-2020,00:31:34
20943,MOUSE5,0005E6A0296A,0,12,4,BOTH,16-Feb-2020,00:32:40,16-Feb-2020,00:32:57
20944,MOUSE5,0005E6A0296A,1,12,4,BOTH,16-Feb-2020,00:33:20,16-Feb-2020,00:33:28
20945,MOUSE5,0005E6A0296A,1,12,4,BOTH,16-Feb-2020,00:46:41,16-Feb-2020,00:51:11
20946,MOUSE5,0005E6A0296A,1,12,4,BOTH,16-Feb-2020,00:52:02,16-Feb-2020,00:52:12
20947,MOUSE5,0005E6A0296A,0,12,4,BOTH,16-Feb-2020,00:52:17,16-Feb-2020,00:52:24
20948,MOUSE5,0005E6A0296A,0,12,4,BOTH,16-Feb-2020,00:54:47,16-Feb-2020,00:56:01
20949,MOUSE5,0005E6A0296A,1,12,4,BOTH,16-Feb-2020,01:03:14,16-Feb-2020,01:04:00
20950,MOUSE5,0005E6A0296A,1,12,4,BOTH,16-Feb-2020,01:08:01,16-Feb-2020,01:08:41
20951,MOUSE5,0005E6A0296A,0,12,4,BOTH,16-Feb-2020,01:26:19,16-Feb-2020,01:26:26
20952,MOUSE5,0005E6A0296A,1,12,4,BOTH,16-Feb-2020,01:26:44,16-Feb-2020,01:27:19
20953,MOUSE5,0005E6A0296A,0,12,4,BOTH,16-Feb-2020,01:32:22,16-Feb-2020,01:32:48
20954,MOUSE5,0005E6A0296A,2,12,4,BOTH,16-Feb-2020,01:33:38,16-Feb-2020,01:35:35
20955,MOUSE5,0005E6A0296A,3,12,4,BOTH,16-Feb-2020,01:46:14,16-Feb-2020,01:47:08
20956,MOUSE5,0005E6A0296A,1,12,4,BOTH,16-Feb-2020,01:47:27,16-Feb-2020,01:48:11
20957,MOUSE5,0005E6A0296A,0,12,4,BOTH,16-Feb-2020,04:55:52,16-Feb-2020,04:56:00
20958,MOUSE5,0005E6A0296A,0,12,4,BOTH,16-Feb-2020,04:58:31,16-Feb-2020,04:58:39
20959,MOUSE5,0005E6A0296A,0,12,4,BOTH,16-Feb-2020,05:44:46,16-Feb-2020,05:44:54
20960,MOUSE5,0005E6A0296A,0,12,4,BOTH,16-Feb-2020,05:47:53,16-Feb-2020,05:48:00
20961,MOUSE5,0005E6A0296A,0,12,4,BOTH,16-Feb-2020,05:48:03,16-Feb-2020,05:48:11
20962,MOUSE5,0005E6A0296A,0,12,4,BOTH,16-Feb-2020,05:53:01,16-Feb-2020,05:53:15
20963,MOUSE5,0005E6A0296A,0,12,4,BOTH,16-Feb-2020,05:55:04,16-Feb-2020,05:55:23
20964,MOUSE5,0005E6A0296A,0,12,4,BOTH,16-Feb-2020,05:59:03,16-Feb-2020,05:59:20
20965,MOUSE5,0005E6A0296A,0,12,4,BOTH,16-Feb-2020,06:05:01,16-Feb-2020,06:05:21
20966,MOUSE5,0005E6A0296A,0,12,4,BOTH,16-Feb-2020,06:05:24,16-Feb-2020,06:05:32
20967,MOUSE5,0005E6A0296A,0,12,4,BOTH,16-Feb-2020,09:12:43,16-Feb-2020,09:12:51
20968,MOUSE5,0005E6A0296A,0,12,4,BOTH,16-Feb-2020,09:19:20,16-Feb-2020,09:19:28
20969,MOUSE5,0005E6A0296A,0,12,4,BOTH,16-Feb-2020,09:19:35,16-Feb-2020,09:19:42
20970,MOUSE5,0005E6A0296A,0,12,4,BOTH,16-Feb-2020,11:17:21,16-Feb-2020,11:17:28
20971,MOUSE5,0005E6A0296A,0,12,4,BOTH,16-Feb-2020,11:53:44,16-Feb-2020,11:53:51
20972,MOUSE5,0005E6A0296A,0,12,4,BOTH,16-Feb-2020,16:19:39,16-Feb-2020,16:19:47
20973,MOUSE5,0005E6A0296A,0,12,4,BOTH,16-Feb-2020,16:36:35,16-Feb-2020,16:36:55
20974,MOUSE5,0005E6A0296A,1,12,4,BOTH,16-Feb-2020,17:10:12,16-Feb-2020,17:10:19
20975,MOUSE5,0005E6A0296A,1,12,4,BOTH,16-Feb-2020,17:39:13,16-Feb-2020,17:40:02
20976,MOUSE5,0005E6A0296A,0,12,4,BOTH,16-Feb-2020,18:47:49,16-Feb-2020,18:47:57
20977,MOUSE5,0005E6A0296A,0,12,4,BOTH,16-Feb-2020,19:06:40,16-Feb-2020,19:07:11
20978,MOUSE5,0005E6A0296A,0,12,4,BOTH,16-Feb-2020,19:28:23,16-Feb-2020,19:28:39
20979,MOUSE5,0005E6A0296A,1,12,4,BOTH,16-Feb-2020,19:36:15,16-Feb-2020,19:36:50
20980,MOUSE5,0005E6A0296A,0,12,4,BOTH,16-Feb-2020,19:47:45,16-Feb-2020,19:48:04
20981,MOUSE5,0005E6A0296A,0,12,4,BOTH,16-Feb-2020,19:48:33,16-Feb-2020,19:49:04
20982,MOUSE5,0005E6A0296A,0,12,4,BOTH,16-Feb-2020,19:52:35,16-Feb-2020,19:52:42
20983,MOUSE5,0005E6A0296A,0,12,4,BOTH,16-Feb-2020,20:04:53,16-Feb-2020,20:05:42
20984,MOUSE5,0005E6A0296A,1,12,4,BOTH,16-Feb-2020,20:12:30,16-Feb-2020,20:13:31
20985,MOUSE5,0005E6A0296A,2,12,4,BOTH,16-Feb-2020,20:27:52,16-Feb-2020,20:28:21
20986,MOUSE5,0005E6A0296A,0,12,4,BOTH,16-Feb-2020,20:39:40,16-Feb-2020,20:40:13
20987,MOUSE5,0005E6A0296A,0,12,4,BOTH,16-Feb-2020,21:36:41,16-Feb-2020,21:37:04
20988,MOUSE5,0005E6A0296A,0,12,4,BOTH,16-Feb-2020,21:39:39,16-Feb-2020,21:39:46
20989,MOUSE5,0005E6A0296A,1,12,4,BOTH,16-Feb-2020,21:58:00,16-Feb-2020,21:58:14
20990,MOUSE5,0005E6A0296A,0,12,4,BOTH,16-Feb-2020,21:58:57,16-Feb-2020,21:59:05
20991,MOUSE5,0005E6A0296A,0,12,4,BOTH,16-Feb-2020,22:04:11,16-Feb-2020,22:04:29
20992,MOUSE5,0005E6A0296A,0,12,4,BOTH,16-Feb-2020,23:08:05,16-Feb-2020,23:08:13
20993,MOUSE5,0005E6A0296A,0,12,4,BOTH,16-Feb-2020,23:19:27,16-Feb-2020,23:19:34
20994,MOUSE5,0005E6A0296A,1,12,4,BOTH,16-Feb-2020,23:48:12,16-Feb-2020,23:48:29
20995,MOUSE5,0005E6A0296A,0,12,4,BOTH,17-Feb-2020,01:31:33,17-Feb-2020,01:31:41
20996,MOUSE5,0005E6A0296A,0,12,4,BOTH,17-Feb-2020,01:49:38,17-Feb-2020,01:49:46
20997,MOUSE5,0005E6A0296A,0,12,4,BOTH,17-Feb-2020,01:53:55,17-Feb-2020,01:54:14
20998,MOUSE5,0005E6A0296A,0,12,4,BOTH,17-Feb-2020,02:00:03,17-Feb-2020,02:00:11
20999,MOUSE5,0005E6A0296A,0,12,4,BOTH,17-Feb-2020,02:01:36,17-Feb-2020,02:02:24
21000,MOUSE5,0005E6A0296A,0,12,4,BOTH,17-Feb-2020,02:03:55,17-Feb-2020,02:04:55
21001,MOUSE5,0005E6A0296A,0,12,4,BOTH,17-Feb-2020,02:11:16,17-Feb-2020,02:11:30
21002,MOUSE5,0005E6A0296A,0,12,4,BOTH,17-Feb-2020,02:13:19,17-Feb-2020,02:13:26
21003,MOUSE5,0005E6A0296A,0,12,4,BOTH,17-Feb-2020,02:19:52,17-Feb-2020,02:19:59
21004,MOUSE5,0005E6A0296A,0,12,4,BOTH,17-Feb-2020,02:20:12,17-Feb-2020,02:20:34
21005,MOUSE5,0005E6A0296A,0,12,4,BOTH,17-Feb-2020,02:54:19,17-Feb-2020,02:54:26
21006,MOUSE5,0005E6A0296A,0,12,4,BOTH,17-Feb-2020,05:32:52,17-Feb-2020,05:32:59
21007,MOUSE5,0005E6A0296A,0,12,4,BOTH,17-Feb-2020,05:41:29,17-Feb-2020,05:41:37
21008,MOUSE5,0005E6A0296A,0,12,4,BOTH,17-Feb-2020,06:43:49,17-Feb-2020,06:43:57
21009,MOUSE5,0005E6A0296A,0,12,4,BOTH,17-Feb-2020,09:21:45,17-Feb-2020,09:22:02
21010,MOUSE5,0005E6A0296A,0,12,4,BOTH,17-Feb-2020,10:27:16,17-Feb-2020,10:27:24
21011,MOUSE5,0005E6A0296A,0,11,4,BOTH,17-Feb-2020,11:30:16,17-Feb-2020,11:30:29
21012,MOUSE5,0005E6A0296A,0,11,4,BOTH,17-Feb-2020,13:29:52,17-Feb-2020,13:30:00
21013,MOUSE5,0005E6A0296A,0,11,4,BOTH,17-Feb-2020,15:50:17,17-Feb-2020,15:50:25
21014,MOUSE5,0005E6A0296A,0,11,4,BOTH,17-Feb-2020,16:39:11,17-Feb-2020,16:39:18
21015,MOUSE5,0005E6A0296A,0,11,4,BOTH,17-Feb-2020,18:56:38,17-Feb-2020,18:56:57
21016,MOUSE5,0005E6A0296A,0,11,4,BOTH,17-Feb-2020,19:14:27,17-Feb-2020,19:15:17
21017,MOUSE5,0005E6A0296A,0,11,4,BOTH,17-Feb-2020,19:16:25,17-Feb-2020,19:16:33
21018,MOUSE5,0005E6A0296A,6,11,4,BOTH,17-Feb-2020,19:19:11,17-Feb-2020,19:22:33
21019,MOUSE5,0005E6A0296A,0,11,4,BOTH,17-Feb-2020,19:24:01,17-Feb-2020,19:24:09
21020,MOUSE5,0005E6A0296A,0,11,4,BOTH,17-Feb-2020,19:25:18,17-Feb-2020,19:25:26
21021,MOUSE5,0005E6A0296A,7,11,4,BOTH,17-Feb-2020,19:30:25,17-Feb-2020,19:34:19
21022,MOUSE5,0005E6A0296A,13,11,4,BOTH,17-Feb-2020,19:34:40,17-Feb-2020,19:38:37
21023,MOUSE5,0005E6A0296A,0,11,4,BOTH,17-Feb-2020,19:38:48,17-Feb-2020,19:38:55
21024,MOUSE5,0005E6A0296A,0,11,4,BOTH,17-Feb-2020,19:51:16,17-Feb-2020,19:51:23
21025,MOUSE5,0005E6A0296A,0,11,4,BOTH,17-Feb-2020,19:53:51,17-Feb-2020,19:53:58
21026,MOUSE5,0005E6A0296A,0,11,4,BOTH,17-Feb-2020,20:02:09,17-Feb-2020,20:02:16
21027,MOUSE5,0005E6A0296A,0,11,4,BOTH,17-Feb-2020,20:08:06,17-Feb-2020,20:08:14
21028,MOUSE5,0005E6A0296A,0,11,4,BOTH,17-Feb-2020,20:34:50,17-Feb-2020,20:34:58
21029,MOUSE5,0005E6A0296A,0,11,4,BOTH,17-Feb-2020,20:47:33,17-Feb-2020,20:47:41
21030,MOUSE5,0005E6A0296A,0,11,4,BOTH,17-Feb-2020,21:04:41,17-Feb-2020,21:04:49
21031,MOUSE5,0005E6A0296A,0,11,4,BOTH,17-Feb-2020,21:17:54,17-Feb-2020,21:18:02
21032,MOUSE5,0005E6A0296A,0,11,4,BOTH,17-Feb-2020,23:54:08,17-Feb-2020,23:54:15
21033,MOUSE5,0005E6A0296A,0,11,4,BOTH,18-Feb-2020,01:25:55,18-Feb-2020,01:26:02
21034,MOUSE5,0005E6A0296A,0,11,4,BOTH,18-Feb-2020,01:30:22,18-Feb-2020,01:30:33
21035,MOUSE5,0005E6A0296A,0,11,4,BOTH,18-Feb-2020,01:39:35,18-Feb-2020,01:39:42
21036,MOUSE5,0005E6A0296A,0,11,4,BOTH,18-Feb-2020,01:53:05,18-Feb-2020,01:53:13
21037,MOUSE5,0005E6A0296A,0,11,4,BOTH,18-Feb-2020,03:04:29,18-Feb-2020,03:04:36
21038,MOUSE5,0005E6A0296A,0,11,4,BOTH,18-Feb-2020,05:23:11,18-Feb-2020,05:23:19
21039,MOUSE5,0005E6A0296A,0,11,4,BOTH,18-Feb-2020,09:09:04,18-Feb-2020,09:09:12
21040,MOUSE5,0005E6A0296A,0,11,4,BOTH,18-Feb-2020,09:18:38,18-Feb-2020,09:19:15
21041,MOUSE5,0005E6A0296A,0,11,4,BOTH,18-Feb-2020,09:21:19,18-Feb-2020,09:21:27
21042,MOUSE5,0005E6A0296A,0,11,4,BOTH,18-Feb-2020,09:24:14,18-Feb-2020,09:24:44
21043,MOUSE5,0005E6A0296A,0,11,4,BOTH,18-Feb-2020,09:27:22,18-Feb-2020,09:27:36
21044,MOUSE5,0005E6A0296A,1,11,4,BOTH,18-Feb-2020,09:48:57,18-Feb-2020,09:50:06
21045,MOUSE5,0005E6A0296A,1,11,4,BOTH,18-Feb-2020,09:52:14,18-Feb-2020,09:52:38
21046,MOUSE5,0005E6A0296A,2,11,4,BOTH,18-Feb-2020,09:53:15,18-Feb-2020,09:53:59
21047,MOUSE5,0005E6A0296A,2,11,4,BOTH,18-Feb-2020,09:54:49,18-Feb-2020,09:55:18
21048,MOUSE5,0005E6A0296A,0,11,4,BOTH,18-Feb-2020,09:55:19,18-Feb-2020,09:55:27
21049,MOUSE5,0005E6A0296A,0,11,4,BOTH,18-Feb-2020,09:55:35,18-Feb-2020,09:55:43
21050,MOUSE5,0005E6A0296A,1,11,4,BOTH,18-Feb-2020,09:56:53,18-Feb-2020,09:57:00
21051,MOUSE5,0005E6A0296A,0,11,4,BOTH,18-Feb-2020,09:57:16,18-Feb-2020,09:57:24
21052,MOUSE5,0005E6A0296A,0,11,4,BOTH,18-Feb-2020,09:59:38,18-Feb-2020,09:59:46
21053,MOUSE5,0005E6A0296A,0,11,4,BOTH,18-Feb-2020,11:39:19,18-Feb-2020,11:39:27
